01  0.0667,-0.1667 0.0333,-0.1333 0,0.2 0.3,-0.1 0.1,-0.2 0.1667,-0.1667 0.1333,-0.1333 0.2,-0.1 0.1,-0.5 -0.3,-0.1 0.2,-0.1 0.2,-0.1 0.1,-0.2 0.1,-0.2 0.2,-0.1 0.2,-0.2 0.1333,-0.1333 0.0667,-0.0667 -0.0667,0.0667 -0.1,0.2 -0.2667,0.2667 -0.3333,0.2333 -0.4667,0.4667 -0.5667,0.5667 -0.4667,0.5667 -0.6,0.7 -0.6,0.6 -0.5667,0.5667 -0.7333,0.8333 
02  0.1,-0.1 0.1,-0.1 0.1,0.1 0.2,-0.1 0,-0.2 0.2,-0.1 0.1,-0.2 0.1,-0.1 0.1,-0.4 -0.2,-0.2 0.1,-0.1 0.2,-0.1 0.1,-0.1 0.2,-0.2 0.2,-0.1 0.2,-0.2 0.1333,-0.1333 0.1,-0.1 -0.0333,0.0333 -0.0333,0.2333 -0.2333,0.1333 -0.3333,0.2333 -0.4667,0.3667 -0.5667,0.5667 -0.4667,0.5667 -0.5333,0.6333 -0.5,0.6 -0.6,0.7 -0.7,0.7 
03  0.1,-0.1 0.1,-0.1 0,0.2 0.3,0 0.1,-0.2 0.2,-0.1 0.1,-0.1 0.1,-0.1 0.1,-0.4 -0.2333,-0.1667 0.1333,-0.1333 0.2,-0.2 0.1,-0.2 0.2,-0.3 0.2,-0.1 0.2,-0.3 0.1333,-0.2333 0.1,-0.1 0,0 -0.1333,0.2333 -0.2333,0.2333 -0.2667,0.2667 -0.4,0.4 -0.5,0.5 -0.5,0.6 -0.5333,0.6333 -0.5,0.6 -0.5667,0.5667 -0.7,0.7 
04  0.1,-0.1 0.0667,-0.1667 0.0333,0.0667 0.2,-0.1 0,-0.2 0.2,-0.1 0.2,-0.1 0.2,-0.1 0.2,-0.5 -0.3,-0.2 0.1,-0.1 0.1333,-0.1333 0.1667,-0.1667 0.2,-0.3 0.2,-0.2 0.2,-0.2 0.2333,-0.1333 0.1,-0.1 0,0 -0.0667,0.1667 -0.2667,0.1667 -0.2667,0.2667 -0.4,0.4 -0.5,0.5 -0.5,0.5 -0.6,0.6 -0.6,0.6 -0.6667,0.5667 -0.6333,0.7333 
05  0.1,-0.1 0.1,-0.2 0,0.1 0.2,0 0.1,-0.2 0.2,-0.2 0.1,-0.1 0.1,-0.1 0.1,-0.4 -0.2333,-0.1667 0.1333,-0.2333 0.1,-0.1 0.1,-0.2 0.2,-0.2 0.2,-0.1 0.2,-0.2 0.2333,-0.1333 0.2333,-0.1333 0,0 -0.0333,0.1333 -0.2,0.1 -0.2333,0.1333 -0.4333,0.4333 -0.4667,0.4667 -0.5667,0.5667 -0.5,0.5 -0.5667,0.5667 -0.6667,0.5667 -0.7,0.7 
06  0.1,-0.1 0.1,-0.1 0.1,0.1 0.2,0 0.1,-0.2 0.2,-0.1 0.2,-0.1 0.1,-0.1 0.1667,-0.4667 -0.2667,-0.1333 0.2,-0.2 0.1,-0.2 0.1,-0.2 0.2,-0.2 0.3,-0.2 0.2,-0.2 0.1333,-0.1333 0.2333,-0.1333 0,0 0.0333,0.0667 -0.2333,0.1333 -0.2667,0.1667 -0.4,0.3 -0.5,0.5 -0.5,0.5 -0.5667,0.5667 -0.4667,0.5667 -0.6,0.7 -0.5667,0.7667 
07  -0.0333,-0.1667 0.0333,-0.1333 0,0.1 0.2,-0.1 0.1,-0.2 0.2,-0.2 0.1,-0.2 0.1,-0.1 0.1,-0.5 -0.2,-0.1 0.2,-0.1 0.2,-0.1 0.2,-0.2 0.2,-0.2 0.3,-0.2 0.1,-0.2 0.1333,-0.1333 0.1333,-0.1333 0,0 0.0333,0.0667 -0.2,0.2 -0.2667,0.1667 -0.4,0.3 -0.4667,0.4667 -0.4667,0.5667 -0.5,0.6 -0.4333,0.5333 -0.6,0.7 -0.6,0.7 
08  0,-0.1 0.1,-0.1 0.1,0.1 0.2,-0.1 0,-0.2 0.2,-0.2 0.1,-0.1 0.1,-0.1 0.1,-0.5 -0.3,-0.1 0.2,-0.1 0.2,-0.1 0.1,-0.2 0.2,-0.2 0.2,-0.2 0.2,-0.2 0.1333,-0.1333 0.1333,-0.1333 0,0 -0.0667,0.0667 -0.1667,0.0667 -0.2333,0.1333 -0.4,0.4 -0.4667,0.4667 -0.4667,0.5667 -0.4667,0.4667 -0.5333,0.5333 -0.6,0.6 -0.7,0.7 
09  0,-0.1 0.1,-0.1 0.1,0.1 0.2,-0.1 0.1,-0.2 0.2,-0.2 0.1,-0.1 0.2,-0.2 0.1,-0.5 -0.3,-0.2 0.1,-0.2 0.1,-0.1 0.2,-0.2 0.2,-0.2 0.3,-0.2 0.2,-0.3 0.1667,-0.1667 0.1333,-0.1333 0.0333,-0.0333 -0.0667,0.0667 -0.2,0.2 -0.2,0.1 -0.3667,0.3667 -0.4,0.4 -0.5,0.4 -0.5667,0.5667 -0.4667,0.5667 -0.5667,0.5667 -0.6333,0.7333 
10  0.1,-0.2 0,-0.1 0.1,0.2 0.3,-0.1 0.1,-0.2 0.2,-0.2 0.1,-0.2 0.1,-0.1 0.1,-0.5 -0.3,-0.2 0.1,-0.1 0.2,-0.1 0.1,-0.2 0.2,-0.2 0.3,-0.1 0.2,-0.3 0.1667,-0.1667 0.1333,-0.1333 0.0667,-0.0667 0.0667,0.1333 -0.2333,0.2333 -0.2,0.2 -0.3667,0.3667 -0.4,0.4 -0.4667,0.4667 -0.4667,0.5667 -0.4333,0.4333 -0.6667,0.6667 -0.5333,0.6333 
11  0.1,-0.1 0.0667,-0.1667 0.0333,0.0667 0.2,-0.1 0,-0.2 0.2,-0.2 0.1,-0.2 0.1,-0.1 0.1,-0.5 -0.3,-0.1 0.1667,-0.1667 0.1333,-0.1333 0.2,-0.2 0.2,-0.2 0.2,-0.1 0.2,-0.2 0.1667,-0.1667 0.1667,-0.1667 0.0667,-0.0667 -0.1,0.1 -0.1667,0.0667 -0.2333,0.2333 -0.3333,0.3333 -0.4333,0.4333 -0.4,0.4 -0.5667,0.4667 -0.5333,0.5333 -0.5333,0.5333 -0.6333,0.6333 
12  -0.0333,-0.1667 0.0333,-0.1333 0.1,0.1 0.2,-0.1 0,-0.2 0.2,-0.2 0.1,-0.1 0.1,-0.1 0.1,-0.5 -0.3,-0.1 0.1667,-0.1667 0.1333,-0.1333 0.2,-0.2 0.1,-0.2 0.2,-0.2 0.1,-0.2 0.2667,-0.2667 0.1667,-0.1667 0.0667,-0.1667 -0.0667,0.0667 -0.1,0.1 -0.2333,0.2333 -0.3,0.3 -0.4667,0.3667 -0.4667,0.3667 -0.5333,0.4333 -0.5333,0.5333 -0.6333,0.5333 -0.6,0.7 
13  0,-0.1 0.1,-0.1 0.1,0.1 0.2,-0.1 0.1,-0.1 0.2,-0.2 0.1,-0.2 0.1,-0.2 0.1,-0.5 -0.2,-0.1 0.1667,-0.1667 0.1333,-0.1333 0.2,-0.2 0.2,-0.3 0.2,-0.2 0.2,-0.2 0.1667,-0.1667 0.1667,-0.1667 0.1,-0.1 -0.0667,0.0667 -0.1,0.1 -0.3,0.3 -0.2,0.3 -0.4,0.5 -0.4667,0.4667 -0.3667,0.4667 -0.4667,0.5667 -0.5,0.6 -0.5667,0.6667 
14  0.1,-0.1 0.1,-0.1 0.1,0.2 0.3,-0.1 8.88178e-016,-0.2 0.1667,-0.1667 0.1333,-0.1333 0.1,-0.1 0.1,-0.5 -0.2,-0.2 0.1,-0.1 0.2,-0.1 0.1,-0.2 0.2,-0.2 0.2,-0.1 0.2,-0.3 0.1667,-0.1667 0.2667,-0.1667 0.1,-0.1 0.0333,0.0667 -0.1,0.1 -0.2667,0.2667 -0.2667,0.2667 -0.4333,0.3333 -0.4667,0.4667 -0.4,0.4 -0.5667,0.4667 -0.5667,0.5667 -0.5667,0.6667 
15  0.1,-0.1 0.1,-0.1 0.1,0.2 0.3,0 0.1,-0.2 0.2,-0.2 0.1,-0.2 0.1,-0.2 0.1,-0.5 -0.3,-0.2 0.1,-0.2 0.1,-0.1 0.2,-0.2 0.2,-0.2 0.3,-0.2 0.2,-0.3 0.2,-0.2 0.2333,-0.1333 0.1,-0.1 -0.0667,0.0667 -0.1333,0.1333 -0.2333,0.2333 -0.2667,0.2667 -0.4,0.4 -0.4,0.4 -0.5,0.5 -0.4,0.5 -0.5,0.5 -0.6667,0.6667 
16  0,-0.2 0,-0.1 0.1,0.2 0.3,-0.1 0,-0.2 0.2,-0.2 0.2,-0.1 0.2,-0.1 0.2,-0.5 -0.2,-0.1 0.2,-0.2 0.1,-0.1 0.2,-0.2 0.1,-0.3 0.2,-0.1 0.2,-0.2 0.1667,-0.1667 0.1667,-0.1667 0.1,-0.1 0.0667,0.0333 -0.1667,0.1667 -0.2333,0.2333 -0.2667,0.3667 -0.3,0.4 -0.4,0.5 -0.4,0.4 -0.4667,0.4667 -0.5,0.5 -0.6667,0.6667 
