#         v1   v2   v3   v4   v5   v6   v7   v8   v9  v10  v11  v12  v13  v14  v15  v16

021_A0   0.0  0.0  0.0  0.0 -0.1  0.0  0.0  0.0  0.0 +0.2  0.0  0.0 -0.1 +0.2  0.0 -0.1

024_C1   0.0 +0.1 -0.1  0.0  0.0  0.0  0.0  0.0  0.0  0.0  0.0  0.0  0.0 -0.2 +0.2 -0.1
027_D#1 +0.5  0.0  0.0  0.0  0.0  0.0  0.0  0.0  0.0  0.0  0.0  0.0  0.0 -0.1 +0.2 -0.1
030_F#1 +1.5 +0.5  0.0 -0.1  0.0  0.0  0.0  0.0  0.0  0.0  0.0  0.0  0.0  0.0  0.0 -0.1
033_A1  +0.5  0.0  0.0  0.0  0.0 -0.1  0.0  0.0  0.0  0.0  0.0  0.0  0.0 -0.1 +0.1 -0.1

036_C2  +0.7  0.0  0.0  0.0  0.0  0.0  0.0  0.0  0.0  0.0  0.0  0.0  0.0 -0.3 +0.1 -0.1
039_D#2 +1.9 +0.5  0.0  0.0  0.0  0.0  0.0  0.0  0.0  0.0  0.0  0.0  0.0  0.0  0.0 -0.1
042_F#2 +1.2  0.0  0.0  0.0  0.0 -0.1  0.0  0.0  0.0 +0.2  0.0  0.0  0.0  0.0  0.0 -0.1
045_A2  +0.9  0.0  0.0  0.0  0.0  0.0  0.0  0.0  0.0 -0.1 +0.1  0.0  0.0 -0.5 -0.3 -0.4

048_C3  +2.2  0.0  0.0  0.0  0.0 +0.1 +0.3 +0.3 +0.3 +0.7 +0.7 +0.7 +1.1 +1.1 +1.1 +1.0
051_D#3 +1.0 +0.7 +0.7 +0.7 +0.5 +0.2  0.0  0.0  0.0  0.0  0.0  0.0  0.0  0.0  0.0 -0.1
054_F#3 +0.3  0.0  0.0  0.0  0.0  0.0  0.0  0.0  0.0  0.0  0.0  0.0  0.0 -0.3  0.0 -1.3
057_A3  +0.1  0.0  0.0 -0.3 -0.2 +0.2 +0.2 +0.3 +0.1  0.0 +0.1 +0.1 -0.1 +0.1 +0.2 -0.5

060_C4  +0.6 +0.1 +0.1 -0.1 -0.4 +0.2 +0.6 +1.1 +1.8 +1.8 +2.0 +1.8 +1.8 +1.8 +1.8 +1.7
063_D#4  0.0  0.0  0.0  0.0  0.0  0.0  0.0  0.0  0.0  0.0  0.0  0.0  0.0 -0.1 -0.1 -0.2
066_F#4 +0.2  0.0 -0.3  0.0  0.0  0.0  0.0  0.0  0.0  0.0 +0.2  0.0 -0.1 -0.2 -0.2 -0.6
069_A4  +0.4 +0.6 +0.3 +0.5 +0.3 +0.3 +0.3 +0.3 +0.5 +0.8 +1.0 +0.5 +0.4 +0.3 +0.3 +0.2

072_C5  +0.3 +0.6 +0.9 +1.0 +1.0 +0.6 +0.6 +0.6 +0.4 +0.8 +0.8 +0.5 +0.4 +0.3 +0.3 +0.2
075_D#5 +2.6 +1.9 +0.5 +0.8 +0.8 +0.3 +0.5 +0.2 +0.2 +0.5 +0.6 +0.5 +0.4 +0.3 +0.3 -0.1
078_F#5 +1.1  0.0 -0.6 -0.6 -1.0 -0.5 -0.7 -0.3 -0.1 +0.1 +0.2 +0.2 +0.2 +0.2  0.0 +0.3
081_A5  +0.2 -0.1  0.0  0.0  0.0  0.0  0.0  0.0  0.0  0.0  0.0  0.0  0.0  0.0  0.0  0.0

084_C6  -0.8 -0.5  0.0  0.0  0.0  0.0 -0.1  0.0  0.0  0.0  0.0  0.0  0.0  0.0  0.0 -0.1
087_D#6 -0.5 -0.6  0.0  0.0 -0.2  0.0  0.0  0.0  0.0  0.0  0.0  0.0  0.0  0.0  0.0 -0.1
090_F#6 -0.5 -0.7  0.0 +0.1 -0.1  0.0  0.0  0.0  0.0  0.0  0.0  0.0  0.0  0.0  0.0 -0.1
093_A6   0.0  0.0 -0.2 +0.2  0.0  0.0  0.0  0.0 -0.2  0.0  0.0  0.0  0.0  0.0  0.0 -0.1

096_C7   0.0  0.0  0.0  0.0  0.0  0.0  0.0  0.0  0.0  0.0  0.0  0.0  0.0  0.0  0.0 -0.1
099_D#7  0.0  0.0  0.0  0.0  0.0  0.0  0.0  0.0  0.0  0.0  0.0  0.0  0.0  0.0  0.0 -0.1
102_F#7  0.0  0.0  0.0  0.0  0.0  0.0  0.0  0.0  0.0  0.0  0.0  0.0  0.0  0.0  0.0 -0.1
105_A7   0.0  0.0 -0.2 +0.2  0.0  0.0  0.0  0.0  0.0  0.0  0.0  0.0  0.0  0.0  0.0 -0.1

108_C8   0.0  0.0  0.0  0.0  0.0  0.0  0.0  0.0  0.0  0.0  0.0  0.0  0.0  0.0  0.0 -0.1

