#         v1   v2   v3   v4   v5   v6   v7   v8   v9  v10  v11  v12  v13  v14  v15  v16

021_A0  -0.5 -0.1 +0.3 +0.8 +0.7 +0.7 +0.3 +0.3 +0.6 +0.3 +0.3 +0.3 +0.1  0.0  0.0 +0.1

024_C1  +1.2 +0.5 +0.2 -0.1 +0.1 -0.1 -0.2 -0.2 -0.2 -0.1 -0.4 -0.3 -0.3 -0.3 -0.2 -0.2
027_D#1 +0.3 -0.2 -0.3 -0.1 -0.2 -0.1 +0.1 +0.2 +0.4 +0.2  0.0  0.0 -0.1 +0.2 +0.2 +0.4
030_F#1 -1.2 -1.3 -0.9 -0.5 -0.6 -0.5 -0.4  0.0  0.0 -0.2  0.0 +0.1 +0.4 +0.3 +0.3 +0.2
033_A1  -0.2 -0.6 -0.6 -0.3 -0.4 -0.4 -0.2 +0.2  0.0  0.0 +0.2  0.0 +0.2 +0.2 +0.4 +0.5

036_C2  -0.7 -0.8 -0.5 -0.6 -0.7 -0.7 -0.6 -0.3 -0.3  0.0 +0.1 +0.3 +0.4 +0.3 +0.5 +0.7
039_D#2 +0.4 +0.1 -0.2 +0.1 +0.1 +0.3 +0.3 +0.3 +0.2  0.0 -0.1 +0.1  0.0  0.0 +0.1 +0.1
042_F#2 -0.7 -0.6 -0.7 -0.7 -0.7 -0.5 -0.3 -0.1 -0.2 -0.2 -0.1 +0.2 +0.1 +0.2 +0.3 +0.2
045_A2  -0.6 -0.7 -0.6 -0.4 +0.1 +0.4 +0.4 +0.5 +0.5 +0.3 +0.2 +0.3 +0.2 +0.2 +0.1 -0.3

048_C3   0.0  0.0  0.0  0.0  0.0  0.0  0.0  0.0  0.0  0.0  0.0  0.0  0.0  0.0  0.0  0.0
051_D#3 -0.7 -0.6 -0.6 -0.5 -0.6 -0.6 -0.5 -0.3 -0.1  0.0 +0.1 +0.2 +0.2  0.0  0.0 -0.5
054_F#3 -0.2 -0.1 +0.3 +0.1  0.0 +0.2 +0.1 +0.1 +0.1  0.0 -0.1 -0.2 -0.5 -0.4 -0.3 -0.2
057_A3  +0.4  0.0 -0.5 -0.2 -0.2 -0.2 -0.2 -0.1 +0.4 +0.3  0.0 +0.1 +0.2 +0.6 +0.7 +0.5

060_C4  +0.6 +0.1 +0.1  0.0 -0.1 +0.2 +0.1  0.0 +0.1  0.0 +0.1  0.0 -0.1 -0.1 -0.1 -0.4
063_D#4 +0.2  0.0 +0.1 +0.3 +0.1 +0.1  0.0 +0.3 +0.1 +0.1 +0.1 +0.2  0.0 -0.2 -0.5 -0.6
066_F#4  0.0 -0.2 -0.1  0.0  0.0 +0.2 +0.4 +0.2  0.0 -0.1 -0.1  0.0 -0.1 -0.4 -0.7 -0.9
069_A4  +0.6 +0.5 +0.1 -0.2  0.0 -0.2 -0.2 -0.1 -0.1 +0.1  0.0 -0.1 -0.3 -0.5 -0.6 -0.9

072_C5  -0.4 -0.8 -0.7 -0.5 -0.3 -0.3 -0.1  0.0  0.0 -0.1 -0.1 +0.1 +0.2 +0.3 +0.2 -0.4
075_D#5 +0.4 +0.1 +0.2 +0.2 +0.3  0.0  0.0 +0.1  0.0  0.0 +0.2 +0.1  0.0 +0.1 -0.1 -0.1
078_F#5 +1.7 +1.3 +1.1 +0.7 +0.5 +0.3 +0.1  0.0  0.1  0.0 -0.1 -0.3 -0.5 -0.6 -0.8 -1.0
081_A5  +0.7 +0.5 +0.2 -0.3 -0.5 -0.3  0.0  0.0 +0.2 +0.1  0.0 -0.1 -0.1  0.0 -0.3 -0.3

084_C6  -1.0 -1.5 -0.8 -0.4 +0.3 +0.1 -0.4 +0.6 +0.1 -0.1 +0.1 +0.3 +0.3 +0.3 +0.2  0.0
087_D#6 -2.0 -2.4 -0.8 +0.1 +0.4 +0.3  0.0 +0.3 +0.4 +0.3  0.0 -0.2 -0.5 -0.3 -0.9 -1.2
090_F#6 -0.5 +1.1 +0.9 +0.6 +0.3 +0.2  0.0 -0.2 +0.1 -0.1  0.0 -0.1 -0.1 -0.2 -0.7 -0.7
093_A6  +1.7 +1.3 +0.8 +0.8 +0.2 -0.1 -0.7 -0.7 -0.7 -0.4 -0.4 -0.9 -0.7 -1.2 -1.0 -1.6

096_C7  -0.6 -0.4 +0.8 +1.4 +0.7 +0.5  0.0 -0.2 +0.2 -0.1 -0.1 -0.3 -0.4 -0.9 -1.3 -1.8
099_D#7 +1.8 +3.0 +2.1 +1.9 +1.8 +1.3 +0.4 +0.4 +0.4 +0.1 -0.3 -0.7 -1.2 -2.0 -2.3 -3.8
102_F#7 +4.2 +3.1 +2.1 +2.2 +2.1 +1.8 +1.2 +1.0 +0.7 +0.5 -0.2 -0.7 -1.1 -1.6 -2.6 -3.7
105_A7  +2.9 +2.4 +1.8 +1.3 +1.0 +0.9 +0.6  0.0 -0.5 -0.7 -1.5 -1.4 -1.6 -1.8 -2.1 -2.7

108_C8  +1.4 +1.5 +1.0 +0.9 +0.6 +0.6 +0.4 +0.6 +0.4 +0.2 +0.3 -0.4 -0.6 -1.3 -1.4 -1.6

