#Key Volume(db)
#         v1   v2   v3   v4   v5   v6   v7   v8   v9  v10  v11  v12  v13  v14  v15  v16

VEL_ALL  0.0  0.0  0.0  0.0  0.0  0.0  0.0  0.0  0.0  0.0  0.0  0.0  0.0  0.0  0.0  0.0

021_A0  +1.3 -1.2 -0.8 -1.3 -1.5 -1.6 -1.9 -2.0 -2.1 -1.5 -2.0 -1.6 -2.1 -1.8 -2.7 -3.8
024_C1  -5.7 -3.1 -0.3 -1.9 -1.0 -0.7 +0.0 +0.1 -0.2 +1.1 +1.0 +0.9 +0.5 +0.0 -0.4 -0.9
027_D#1 -2.9 -2.9 -0.5 +0.0 -0.9 -0.4 -1.3 -1.6 -2.2 -1.7 -0.9 -0.8 -0.6 -1.2 -2.2 -3.1
030_F#1 +3.1 +0.3 -0.4 -0.9 -0.6 +0.0 -1.2 -1.4 -1.1 -0.7 -0.8 +0.0 -0.3 -0.2 -1.3 -2.2
033_A1  +2.1 +0.3 -0.4 -0.9 -0.6 +0.0 -1.2 -1.4 -1.1 -0.7 -1.0 +0.5 -0.3 -0.2 -1.3 -2.2
036_C2  +5.3 +0.3 +0.3 +0.8 +0.7 +1.1 +0.6 +0.3 -0.2 -0.2 -0.4 -0.2 -0.6 -0.5 -1.5 -2.3
039_D#2 -6.3 -2.7 -0.9 -2.8 -2.4 -3.0 -2.6 -2.7 -2.5 -1.5 -1.4 -1.1 -1.4 -2.2 -3.0 -3.8
042_F#2 +0.7 -4.6 -4.7 -4.2 -1.9 -1.5 -1.8 -1.6 -2.2 -1.0 -1.0 -2.0 -2.1 -2.9 -2.4 -3.1
045_A2  +0.9 -2.0 -1.5 -1.0 -0.4 -0.4 -0.9 -0.7 -0.9 -1.8 -0.9 -0.5 -2.5 -2.2 -3.1 -3.9
048_C3  +0.9 -3.3 -2.7 -0.3 +0.2 -0.1 -1.0 -1.1 -0.5 -0.2 +1.2 +1.2 +1.3 +0.8 +1.6 +0.5
051_D#3 -4.2 -2.8 -3.5 -4.7 -4.3 -3.7 -2.8 -2.6 -2.8 -2.5 -1.6 -1.0 -1.2 -1.1 -1.5 -2.0
054_F#3 -0.1 -1.0 +0.4 +0.1 -0.1 -1.0 -1.4 -1.0 +0.1 +0.3 +0.8 +1.2 +2.0 +1.6 +0.5 -1.3
057_A3  +2.9 +2.9 +3.1 +1.7 +2.9 +3.6 +3.0 +1.9 -0.3 +0.4 +1.1 -0.2 +0.9 +0.8 +0.2 -0.3
060_C4  -0.7 -1.7 -0.5 -1.1 -1.7 -2.3 -2.2 -3.9 -2.9 -2.0 -2.6 -1.8 -1.8 -3.3 -2.5 -1.6
063_D#4 -1.5 -3.4 -3.2 -2.0 -2.2 -1.8 -2.4 -2.7 -2.9 -2.6 -1.8 -1.6 -1.1 -2.1 -1.8 -3.2
066_F#4 +2.5 +2.4 -0.1 -0.9 -0.3 -1.1 -1.3 -1.0 -1.4 -1.3 -1.0 -0.3 -0.6 -0.8 -1.3 -2.9
069_A4  +3.7 +2.8 +1.8 +3.4 +1.8 +1.5 +1.8 +2.2 +1.6 +1.4 +1.3 +2.0 +2.6 +2.3 +1.6 +1.0
072_C5  +5.7 +4.6 +4.0 +4.1 +3.9 +4.1 +3.9 +4.3 +3.6 +3.7 +3.2 +3.4 +3.3 +2.8 +2.4 +2.1
075_D#5 -1.6 +1.1 +0.8 +1.2 +1.6 +2.0 +2.1 +1.6 +1.5 +1.2 +1.2 +0.0 -0.6 -2.0 -1.3 -1.3
078_F#5 +2.0 +0.3 -0.9 +0.1 +0.7 +1.7 +1.8 +2.3 +1.5 +1.3 +1.4 +0.8 +0.6 -1.5 -1.8 -1.2
081_A5  +3.6 +4.5 +2.9 +4.0 +3.8 +2.5 +2.5 +2.6 +1.9 +1.8 +1.7 +2.9 +2.8 +2.3 +1.8 +0.6
084_C6  +0.4 +0.1 +0.9 +2.1 +1.2 +2.4 +2.5 +1.3 -0.8 -1.1 -2.1 -2.1 -1.0 -1.2 -2.2 -3.2
087_D#6 +2.3 +1.7 +1.7 +0.9 +0.3 -0.3 -0.5 -0.8 -0.5 -0.8 -0.2 +0.5 +0.0 -0.7 -1.1 -1.0
090_F#6 +4.3 -0.2 +0.9 +1.2 +1.2 +0.8 +0.8 +0.7 +0.1 -0.3 -0.6 -0.8 -0.5 -1.3 -1.1 -2.7
093_A6  +0.3 +0.3 +1.8 +1.1 +1.1 +2.2 +1.8 +1.5 +0.8 +0.4 +0.3 +0.0 -0.5 -0.3 -1.1 -2.7
096_C7  +2.1 +4.7 +3.5 +2.5 +2.5 +1.9 +1.9 +1.2 +1.6 +1.1 +0.4 +0.9 -0.4 -0.9 -1.7 -2.4
099_D#7 +7.1 +1.2 +2.7 +3.1 +2.8 +2.8 +2.3 +0.9 +0.7 -0.4 -0.2 -0.6 -1.0 -1.1 -1.4 -2.5
102_F#7 -2.6 -3.4 -3.8 -3.3 -3.4 -3.2 -3.2 -2.3 -3.1 -2.9 -2.1 -2.9 -2.9 -2.3 -2.8 -4.6
105_A7  +2.2 +3.3 +1.8 +3.5 +1.9 +2.3 +2.2 +2.4 +1.6 +1.4 +1.5 +1.1 -0.3 -0.9 -1.9 -4.0
108_C8  -2.1 -1.8 -1.8 -1.8 -2.1 -2.1 -2.6 -2.6 -2.9 -2.3 -2.3 -2.3 -2.8 -3.3 -4.3 -4.7
