021_A0  +8.00 +2.60 +1.00 -0.40 -1.30 -1.60 -1.60 -1.60 -1.80 -1.30 -1.90 -1.80 -2.00 -1.40 -1.90 -2.50
024_C1  +1.20 +0.30 +1.10 -1.00 -1.20 -0.80 -0.40 -0.50 -0.60 -0.30 +0.00 -0.40 -0.60 -0.80 -0.80 -1.00
027_D#1 +3.80 +0.70 +1.10 -0.10 -0.90 -0.40 -1.30 -1.50 -2.10 -1.70 -1.00 -1.20 -1.20 -1.30 -1.90 -2.50
030_F#1 +9.90 +4.70 +2.20 +0.70 +0.30 +0.80 +0.10 -0.30 +0.00 +0.40 -0.10 +0.40 -0.50 -0.40 -0.80 -1.30
033_A1  +8.30 +4.20 +1.80 +0.40 +0.00 +0.60 -0.30 -0.60 -0.10 +0.10 -0.40 +0.40 -0.30 -0.20 -0.90 -1.50
036_C2  +11.80 +4.30 +2.10 +1.50 +1.00 +1.10 +0.90 +0.60 +0.50 +0.10 -0.20 -0.40 -1.30 -1.00 -1.90 -2.40
039_D#2 -0.60 +1.10 +1.90 -0.70 -1.40 -2.20 -2.00 -2.00 -1.90 -1.40 -1.00 -1.30 -1.80 -2.30 -2.70 -3.20
042_F#2 +6.20 -1.20 -2.60 -2.70 -1.80 -1.70 -1.70 -1.50 -1.90 -0.90 -0.80 -2.20 -2.50 -3.10 -2.50 -2.90
045_A2  +6.50 +1.00 -0.20 -0.20 -0.30 -0.50 -0.70 -0.40 -0.70 -1.70 -0.90 -0.80 -2.70 -2.70 -3.20 -3.70
048_C3  +5.40 -0.60 -1.40 -0.50 -0.20 -0.60 -1.50 -1.90 -1.30 -0.90 -0.10 -0.40 -0.50 -1.20 -0.30 -1.10
051_D#3 +2.30 +1.20 -1.10 -2.90 -2.80 -2.50 -2.00 -2.20 -2.40 -2.30 -2.00 -1.90 -2.60 -2.50 -3.00 -3.20
054_F#3 +7.60 +4.20 +3.30 +2.40 +2.00 +0.70 +0.60 +0.00 +0.30 +0.30 +0.30 +0.30 +0.20 -0.10 -1.40 -2.60
057_A3  +8.30 +5.20 +3.70 +1.40 +2.20 +2.20 +2.00 +0.40 -1.60 -0.90 -0.20 -1.40 -0.90 -1.20 -1.90 -2.10
060_C4  +5.30 +1.80 +0.50 -0.50 -1.90 -2.50 -2.40 -4.40 -3.50 -3.00 -3.60 -3.60 -3.30 -5.00 -4.10 -2.90
063_D#4 +5.00 +0.20 -1.80 -1.00 -1.80 -1.90 -2.40 -3.00 -3.10 -3.00 -2.80 -2.90 -2.90 -3.60 -3.40 -4.20
066_F#4 +8.10 +5.20 +2.00 +0.30 +0.50 -0.70 -1.10 -1.10 -1.50 -1.70 -2.10 -2.20 -2.70 -3.10 -3.50 -4.80
069_A4  +9.60 +6.20 +3.20 +3.90 +1.90 +1.20 +1.50 +1.20 +1.20 +0.80 +0.40 +0.10 +0.50 +0.00 -0.60 -0.90
072_C5  +11.20 +7.60 +5.00 +4.20 +3.60 +3.70 +3.40 +3.80 +3.20 +2.80 +2.40 +1.90 +1.30 +0.60 +0.30 +0.30
075_D#5 +4.10 +4.30 +2.50 +2.00 +1.50 +1.50 +1.60 +1.10 +0.70 +0.20 -0.40 -1.60 -2.40 -4.00 -3.20 -3.40
078_F#5 +8.00 +3.80 +0.30 +0.50 +0.60 +0.70 +0.80 +1.00 +0.20 -0.20 -0.40 -1.30 -1.40 -3.20 -3.40 -2.50
081_A5  +9.35 +7.25 +3.85 +4.15 +3.45 +1.75 +1.55 +1.45 +1.15 +0.85 +0.45 +1.35 +1.05 +0.35 -0.05 -0.95
084_C6  +5.85 +3.05 +1.55 +1.95 +0.55 +1.65 +1.25 +0.25 -1.85 -2.35 -3.65 -3.95 -3.05 -3.45 -4.35 -5.05
087_D#6 +8.65 +6.05 +3.55 +1.85 -0.45 -1.25 -1.35 -1.85 -1.85 -1.95 -1.85 -1.45 -2.15 -3.05 -3.35 -2.95
090_F#6 +9.90 +2.90 +2.00 +1.40 +0.70 +0.20 +0.20 -0.20 -0.80 -1.40 -2.00 -2.50 -2.40 -3.40 -3.10 -4.40
093_A6  +5.95 +3.45 +2.95 +1.35 +0.95 +2.15 +1.25 +0.65 -0.05 -0.65 -1.05 -1.65 -2.35 -2.35 -3.05 -4.35
096_C7  +7.60 +7.70 +4.50 +2.40 +2.20 +0.60 +1.00 +0.00 +0.40 -0.50 -0.90 -1.10 -3.40 -4.00 -4.10 -4.20
099_D#7 +11.60 +3.20 +4.50 +3.70 +3.00 +2.10 +1.60 -0.10 -0.30 -1.60 -1.20 -1.90 -2.00 -2.80 -3.50 -4.30
102_F#7 +0.50 -2.60 -4.20 -4.60 -5.10 -5.30 -5.30 -4.70 -5.50 -5.50 -5.00 -6.10 -6.30 -5.90 -6.80 -7.80
105_A7  +4.90 +3.50 +0.00 +1.30 -0.20 -0.20 -0.30 -0.40 -1.20 -1.60 -1.80 -2.50 -4.10 -4.90 -5.80 -7.60
108_C8  -0.45 -2.65 -3.45 -4.35 -4.25 -5.15 -5.35 -5.65 -5.95 -5.65 -6.05 -6.45 -7.25 -8.05 -9.55 -10.15
