021_A0  +1.3 -0.7 -0.1 -0.5 -0.6 -0.6 -0.7 -0.7 -0.7 -0.5 -1.0 -0.8 -0.8 -0.3 -0.7 -0.8 
024_C1  -5.7 -4.1 -0.3 -1.9 -1.0 -0.7 -0.5 -0.7 -0.7 +0.1 +0.5 +0.4 +0.7 +0.3 +0.2 -0.1 
027_D#1 -3.4 -2.9 -0.5 +0.0 -0.9 -0.4 -1.3 -1.6 -2.2 -2.2 -1.4 -1.3 -0.2 -0.5 -1.2 -1.5 
030_F#1 -6.1 +0.9 +0.3 -0.1 -1.3 -0.6 -1.6 -1.6 -1.5 -0.7 -0.2 +0.3 +1.5 +1.3 +1.4 +1.1 
033_A1  +2.6 +0.3 -0.4 -0.9 -0.6 +0.0 -1.2 -1.4 -1.1 -1.2 -1.5 +0.0 -0.3 +0.3 -0.3 -0.5 
036_C2  +5.6 +0.3 +0.3 +0.8 +1.0 +1.1 +0.6 +0.3 -0.2 -0.7 -0.7 -0.5 -0.6 +0.0 -0.9 -0.6 
039_D#2 -7.2 -4.0 -0.9 -2.8 -2.4 -3.0 -2.6 -2.7 -2.5 -2.0 -1.9 -1.6 -1.4 -1.7 -2.0 -2.1 
042_F#2 +0.5 -4.6 -4.7 -4.2 -1.9 -1.5 -1.8 -1.6 -2.2 -1.5 -1.3 -2.3 -2.1 -2.4 -1.4 -1.4 
045_A2  +0.0 -0.5 +0.0 +0.0 +0.6 +0.6 +0.1 +0.3 -0.2 -1.5 -0.9 -0.8 -2.5 -1.7 -2.1 -2.4 
048_C3  +1.3 -2.0 -1.0 +0.5 +1.0 +0.7 -0.2 -0.3 -0.5 -0.1 +0.2 +0.2 +0.8 +1.1 +2.4 +2.3 
051_D#3 -4.9 -3.2 -3.9 -5.1 -4.7 -4.1 -3.2 -3.0 -3.2 -2.9 -2.0 -1.4 -1.6 -1.0 -0.9 -1.1 
054_F#3 -2.1 -1.5 -0.1 -0.4 -0.6 -1.5 -1.9 -1.5 -0.4 -0.2 -0.2 -0.1 +1.5 +1.9 +1.5 +0.2 
057_A3  +2.6 +2.4 +3.1 +2.1 +3.0 +3.4 +2.7 +1.2 -0.4 +0.2 +0.5 -0.6 +1.0 +1.2 +1.0 +2.2 
060_C4  -3.5 -2.3 -2.0 -1.9 -3.1 -3.3 -3.0 -4.8 -3.9 -3.5 -4.1 -4.0 -3.5 -3.8 -1.8 +0.1 
063_D#4 -3.2 -3.9 -3.5 -2.8 -2.7 -2.3 -2.9 -3.2 -3.4 -3.3 -3.2 -2.6 -2.1 -1.6 -0.3 -1.2 
066_F#4 +0.6 +1.9 -0.3 -1.4 -0.4 -1.6 -1.8 -1.5 -1.9 -1.8 -2.0 -1.6 -1.6 -0.3 +0.2 -0.1 
069_A4  +3.1 +2.2 +1.3 +2.9 +1.3 +1.0 +1.3 +1.2 +1.1 +0.9 +0.8 +1.0 +1.8 +2.3 +2.6 +2.5 
072_C5  +5.2 +4.0 +3.5 +3.6 +3.4 +3.6 +3.4 +3.8 +3.1 +3.2 +2.7 +2.5 +2.8 +2.3 +3.2 +3.1 
075_D#5 -4.9 -0.8 +0.3 +0.7 +1.1 +1.5 +1.6 +1.1 +1.0 +0.7 +0.2 -0.5 -1.1 -2.5 -0.8 +0.5 
078_F#5 -1.3 -0.5 -1.4 -0.9 +0.2 +1.2 +1.3 +1.8 +1.0 +0.8 +0.4 -0.2 +0.1 -1.5 -1.3 +0.9 
081_A5  +1.5 +3.9 +2.2 +2.8 +3.1 +1.8 +1.8 +1.5 +1.2 +0.8 +0.2 +1.1 +0.7 +1.0 +1.6 +1.8 
084_C6  -0.9 -0.3 +0.0 +1.2 +0.7 +1.5 +0.6 +0.9 -1.7 -2.0 -3.3 -3.3 -2.2 -1.6 -1.7 -2.6 
087_D#6 +0.6 +1.3 +0.7 -0.1 -0.7 -1.3 -1.5 -1.8 -1.5 -1.8 -1.7 -1.0 -1.5 -1.5 -1.1 -1.0 
090_F#6 +1.7 -0.6 -0.2 +0.1 +0.1 -0.3 -0.3 -0.4 -1.0 -1.4 -2.2 -2.9 -2.6 -2.8 -1.7 -1.8 
093_A6  -1.9 -1.9 +0.1 -0.6 -0.1 +1.0 +0.3 +0.3 -0.1 -0.3 -0.4 -0.7 -0.7 -0.9 -0.3 -0.4 
096_C7  -0.1 +2.5 +1.3 +0.3 +0.8 +0.2 +0.4 +0.0 +1.2 +0.9 +0.2 +0.7 -0.1 +0.4 +0.4 +0.3 
099_D#7 +3.8 -1.1 +0.4 +0.8 +1.0 +1.0 +0.7 -0.4 -0.3 -1.2 -1.5 -1.4 -1.3 -0.9 -0.7 -0.8 
102_F#7 -6.0 -5.8 -6.2 -5.7 -5.3 -5.1 -4.9 -3.7 -4.2 -3.8 -3.0 -3.8 -3.3 -2.2 -2.2 -2.5 
105_A7  -1.2 +0.9 -0.6 +1.1 +0.0 +0.4 +0.5 +1.0 +0.5 +0.5 +0.6 +0.2 -0.7 -0.8 -0.8 -0.9 
108_C8  -6.1 -5.8 -5.8 -5.8 -5.6 -5.6 -5.6 -5.6 -5.6 -4.8 -4.8 -4.8 -4.8 -4.8 -4.8 -4.9 
