021_A0  +9.50 +4.50 +3.30 +2.40 +1.40 +1.10 +0.80 +0.70 +0.80 +1.00 +0.40 +0.50 +0.20 +0.60 +0.10 -0.40
024_C1  +5.40 +2.30 +2.80 +0.40 +0.40 +0.60 +0.90 +0.80 +0.70 +1.10 +1.10 +0.80 +0.60 +0.40 +0.50 +0.30
027_D#1 +5.00 +1.40 +1.60 +0.50 -0.20 +0.40 -0.30 -0.40 -0.80 -0.60 -0.10 -0.40 -0.40 -0.40 -0.90 -1.20
030_F#1 +9.10 +4.30 +2.00 +1.10 +0.60 +1.20 +0.50 +0.60 +0.90 +1.00 +0.70 +1.30 +0.80 +0.80 +0.40 -0.20
033_A1  +8.90 +4.20 +1.90 +1.00 +0.50 +1.10 +0.40 +0.50 +0.80 +1.00 +0.70 +1.30 +0.80 +0.90 +0.40 -0.10
036_C2  +11.70 +4.40 +2.50 +1.80 +1.20 +1.30 +1.20 +1.20 +1.10 +1.00 +0.80 +0.80 +0.20 +0.20 -0.50 -0.80
039_D#2 +4.80 +2.90 +3.40 +1.10 +0.60 +0.40 +0.40 +0.60 +0.00 +0.30 +0.60 +0.50 -0.10 -0.60 -0.90 -1.40
042_F#2 +1.70 -0.30 -1.70 -1.90 -1.00 -0.70 -0.50 -0.10 -0.60 +0.40 +0.60 -0.50 -0.90 -1.40 -0.70 -1.20
045_A2  +8.10 +3.40 +2.10 +1.90 +2.30 +2.40 +2.20 +2.60 +2.20 +0.90 +1.50 +1.50 +0.00 +0.00 -0.70 -1.50
048_C3  +6.60 +0.60 +0.40 +1.50 +1.50 +0.90 +0.00 -0.40 +0.20 +0.60 +1.40 +1.10 +1.00 +0.30 +1.20 +0.40
051_D#3 +7.10 +4.50 +2.10 +0.80 +0.60 +1.20 +0.90 +1.40 +1.10 +1.20 +1.60 +1.80 +0.90 +0.80 +0.30 -0.40
054_F#3 +10.90 +7.80 +5.60 +4.50 +5.10 +4.60 +3.50 +3.20 +2.70 +2.60 +2.40 +2.30 +2.10 +1.90 +0.80 +1.50
057_A3  +10.70 +7.30 +5.50 +3.35 +3.50 +3.10 +2.60 +2.40 +1.10 +1.70 +1.90 +1.00 +1.60 +1.70 +1.00 +0.70
060_C4  +7.80 +4.50 +2.70 +1.80 +1.00 +1.00 +0.60 +0.70 -1.20 -0.60 +0.00 -0.70 -0.80 -0.60 -1.80 -0.70
063_D#4 +10.50 +7.00 +3.30 +3.30 +2.30 +2.20 +1.60 +1.30 +1.10 +1.10 +1.30 +1.30 +1.10 +0.20 +0.10 -0.80
066_F#4 +11.10 +8.50 +5.40 +3.80 +2.00 +1.60 +1.80 +1.30 +1.20 +0.90 +0.70 +0.10 -0.70 -1.30 -2.90 -2.10
069_A4  +11.40 +7.90 +4.30 +4.90 +3.10 +2.40 +2.50 +2.40 +2.30 +2.10 +1.60 +1.30 +1.40 +0.60 +0.00 -0.60
072_C5  +11.50 +7.50 +5.00 +5.30 +4.00 +4.60 +3.70 +3.90 +3.70 +4.00 +3.60 +3.40 +2.90 +2.50 +1.80 +1.10
075_D#5 +7.50 +7.20 +5.20 +4.50 +4.00 +3.70 +3.60 +3.40 +2.80 +2.30 +1.90 +0.80 -0.40 -1.90 -1.20 -1.40
078_F#5 +11.50 +7.10 +2.90 +2.50 +2.00 +1.80 +1.60 +1.80 +0.90 +0.50 +0.20 -0.70 -0.90 -2.70 -3.10 -2.40
081_A5  +12.75 +10.25 +6.55 +5.85 +5.05 +3.35 +3.35 +3.35 +2.85 +2.45 +2.15 +2.75 +1.95 +1.55 +1.15 +0.25
084_C6  +7.75 +1.75 +3.15 +4.05 +3.15 +3.75 +2.15 +3.35 +0.25 +0.65 +0.55 -0.35 -0.75 +0.05 -0.35 -0.75
087_D#6 +9.65 +2.75 +5.55 +4.35 +2.45 +1.45 +0.85 +0.55 +0.55 +0.15 -0.05 -0.05 -1.05 -1.85 -2.65 -2.65
090_F#6 +12.90 +7.30 +6.10 +5.20 +3.60 +2.90 +2.30 +1.80 +1.10 +0.60 -0.10 -1.00 -1.10 -2.00 -2.30 -3.60
093_A6  +11.25 +8.25 +7.05 +5.25 +4.05 +4.85 +3.85 +3.15 +2.05 +1.45 +0.55 -0.65 -1.45 -2.05 -2.85 -4.75
096_C7  +11.50 +11.60 +9.00 +7.20 +6.40 +4.40 +4.00 +2.50 +2.70 +1.60 +0.60 +0.30 -2.40 -2.90 -3.60 -4.20
099_D#7 +18.50 +10.90 +10.90 +9.70 +8.60 +7.50 +5.30 +3.50 +2.70 +0.90 +0.70 -0.70 -1.30 -2.60 -4.10 -6.40
102_F#7 +9.70 +5.10 +2.20 +1.70 +0.70 -0.20 -1.10 -1.00 -2.50 -2.90 -3.40 -5.20 -5.80 -5.60 -8.20 -10.40
105_A7  +13.10 +11.00 +6.50 +7.10 +4.90 +4.60 +3.90 +2.80 +1.20 +0.30 -1.00 -1.80 -3.70 -4.60 -6.30 -8.80
108_C8  +6.55 +4.05 +2.35 +0.95 +0.45 -0.65 -1.35 -1.75 -2.35 -3.05 -3.65 -4.55 -5.95 -7.55 -9.55 -10.25
