#         v1   v2   v3   v4   v5   v6   v7   v8   v9  v10  v11  v12  v13  v14  v15  v16

021_A0   0.0  0.0  0.0  0.0  0.0  0.0  0.0  0.0  0.0  0.0  0.0  0.0  0.0  0.0  0.0  0.0

024_C1   0.0  0.0  0.0  0.0  0.0  0.0  0.0  0.0  0.0  0.0  0.0  0.0  0.0  0.0  0.0  0.0
027_D#1  0.0  0.0  0.0  0.0  0.0  0.0  0.0  0.0  0.0  0.0  0.0  0.0  0.0  0.0  0.0  0.0
030_F#1  0.0  0.0  0.0  0.0  0.0  0.0  0.0  0.0  0.0  0.0  0.0  0.0  0.0  0.0  0.0  0.0
033_A1   0.0  0.0  0.0  0.0  0.0  0.0  0.0  0.0  0.0  0.0  0.0  0.0  0.0  0.0  0.0  0.0

036_C2   0.0  0.0  0.0  0.0  0.0  0.0  0.0  0.0  0.0  0.0  0.0  0.0  0.0  0.0  0.0  0.0
039_D#2  0.0  0.0  0.0  0.0  0.0  0.0  0.0  0.0  0.0  0.0  0.0  0.0  0.0  0.0  0.0  0.0
042_F#2  0.0  0.0  0.0  0.0  0.0  0.0  0.0  0.0  0.0  0.0  0.0  0.0  0.0  0.0  0.0  0.0
045_A2   0.0  0.0  0.0  0.0  0.0  0.0  0.0  0.0  0.0  0.0  0.0  0.0  0.0  0.0  0.0  0.0

048_C3   0.0  0.0  0.0  0.0  0.0  0.0  0.0  0.0  0.0  0.0  0.0  0.0  0.0  0.0  0.0  0.0
051_D#3  0.0 -0.1  0.0  0.0  0.0  0.0  0.0  0.0  0.0  0.0  0.0  0.0  0.0  0.0  0.0  0.0
054_F#3  0.0  0.0  0.0  0.0  0.0  0.0  0.0  0.0  0.0  0.0  0.0  0.0  0.0  0.0  0.0  0.0
057_A3   0.0  0.0  0.0 -0.05 0.0  0.0  0.0  0.0  0.0  0.0  0.0  0.0  0.0  0.0  0.0  0.0

060_C4  -0.1  0.0  0.0  0.0  0.0  0.0  0.0  0.0  0.0  0.0  0.0  0.0  0.0  0.0  0.0  0.0
063_D#4  0.0  0.0  0.0  0.0  0.0  0.0  0.0  0.0  0.1  0.0  0.0  0.0  0.0  0.0  0.0  0.0
066_F#4  0.0  0.0  0.0  0.0  0.0  0.0  0.0  0.0  0.0  0.0  0.0  0.0  0.0  0.0  0.0  0.0
069_A4   0.0  0.0  0.0  0.0  0.0  0.0  0.0  0.0  0.0  0.0  0.0  0.0  0.0  0.0  0.0  0.0

072_C5   0.1  0.1  0.1  0.1  0.1  0.1  0.1  0.1  0.0  0.0  0.0  0.0  0.0  0.0 -0.1  0.0
075_D#5  0.4  0.3  0.3  0.3  0.2  0.2  0.2  0.2  0.1  0.1  0.0  0.0  0.0  0.0  0.0  0.0
078_F#5  0.8  0.6  0.5  0.5  0.4  0.4  0.4  0.4  0.2  0.1  0.0 -0.1 -0.1 -0.1 -0.1 -0.1
081_A5   1.0  0.9  0.8  0.9  0.7  0.5  0.5  0.5  0.3  0.1  0.2  0.1  0.0  0.0  0.0 -0.1

084_C6   1.5  1.3  1.2  1.1  1.0  0.9  0.8  0.7  0.6  0.5  0.4  0.1  0.0  0.0  0.1  0.1
087_D#6  1.7  1.5  1.2  1.1  0.9  0.9  0.8  0.6  0.4  0.3  0.3  0.0  0.1  0.0  0.0  0.0
090_F#6  2.0  1.8  1.6  1.5  1.1  1.0  0.8  0.7  0.4  0.3  0.2  0.1 -0.1  0.0  0.0  0.0
093_A6   2.5  2.3  1.9  1.8  1.6  1.3  1.2  1.0  0.7  0.6  0.3  0.3  0.2  0.1  0.0  0.0

096_C7   2.9  2.7  2.3  2.2  1.9  1.7  1.4  1.2  0.8  0.6  0.4  0.3  0.2  0.1  0.1  0.1
099_D#7  3.4  3.0  2.7  2.5  2.2  1.9  1.7  1.4  1.0  0.8  0.6  0.3  0.1  0.0  0.1  0.1
102_F#7  3.7  3.3  3.0  2.8  2.4  2.1  1.8  1.5  1.2  0.9  0.7  0.5  0.3  0.2  0.1  0.0
105_A7   3.8  3.6  3.2  3.0  2.5  2.4  2.1  1.7  1.4  1.1  0.8  0.6  0.3  0.2  0.1  0.0

108_C8   4.1  3.7  3.3  2.9  2.6  2.4  2.1  1.8  1.3  0.9  0.6  0.4  0.2  0.1  0.0 -0.1

