021_A0  +8.50 +3.10 +1.50 +0.10 -0.80 -1.10 -1.10 -1.10 -1.30 -0.80 -1.40 -1.30 -1.50 -0.90 -1.40 -2.00
024_C1  +2.70 +0.30 +1.10 -1.00 -1.20 -0.80 -0.40 -0.50 -0.60 -0.30 +0.00 -0.40 -0.60 -0.80 -0.80 -1.00
027_D#1 +3.20 +0.10 +0.40 -0.80 -1.50 -1.00 -1.90 -2.10 -2.70 -2.30 -1.60 -1.90 -1.80 -2.10 -2.60 -3.10
030_F#1 +8.80 +4.10 +1.40 +0.10 -0.30 +0.20 -0.60 -0.90 -0.60 -0.30 -0.80 -0.30 -1.10 -1.00 -1.40 -1.90
033_A1  +7.60 +3.30 +1.00 -0.20 -0.60 +0.00 -0.90 -1.20 -0.70 -0.50 -1.00 -0.20 -0.90 -0.80 -1.50 -2.10
036_C2  +10.90 +3.70 +1.50 +0.90 +0.40 +0.50 +0.30 +0.00 -0.10 -0.50 -0.80 -1.00 -1.70 -1.60 -2.50 -3.00
039_D#2 +2.90 +1.30 +2.10 -0.50 -1.00 -2.00 -1.80 -1.80 -1.70 -1.20 -0.80 -1.10 -1.60 -2.10 -2.50 -3.00
042_F#2 +0.90 -1.20 -2.50 -2.70 -1.80 -1.70 -1.70 -1.50 -1.90 -0.90 -0.80 -2.20 -2.50 -3.10 -2.50 -2.90
045_A2  +7.20 +2.60 +1.20 +0.80 +0.70 +0.50 +0.30 +0.60 +0.30 -0.90 -0.20 -0.30 -1.70 -1.70 -2.20 -2.70
048_C3  +5.10 -0.90 -1.10 +0.00 +0.00 -0.60 -1.50 -1.90 -1.30 -0.90 -0.10 -0.40 -0.50 -1.20 -0.30 -1.10
051_D#3 +6.30 +3.70 +1.10 -0.40 -0.20 +0.30 -0.10 +0.20 -0.30 -0.30 +0.00 +0.10 -0.80 -0.70 -1.20 -1.40
054_F#3 +9.60 +6.40 +3.80 +3.00 +3.60 +2.90 +1.90 +1.60 +1.10 +1.10 +1.10 +1.10 +1.10 +0.80 -0.40 +0.20
057_A3  +8.80 +5.80 +4.50 +2.10 +2.20 +1.80 +1.30 +1.00 -0.80 -0.10 +0.40 -0.60 -0.10 -0.40 -1.10 -1.30
060_C4  +5.80 +2.90 +1.10 +0.30 -0.40 -0.70 -1.00 -0.80 -2.80 -2.10 -1.60 -2.10 -2.20 -2.00 -3.20 -1.70
063_D#4 +8.80 +5.50 +1.70 +1.50 +0.70 +0.60 +0.10 -0.50 -0.60 -0.50 -0.30 -0.40 -0.40 -1.10 -0.90 -1.70
066_F#4 +9.60 +7.20 +4.00 +2.30 +0.50 -0.10 -0.10 -0.40 -0.30 -0.50 -0.70 -1.40 -2.10 -2.40 -3.70 -2.70
069_A4  +9.30 +5.90 +2.70 +3.60 +1.60 +1.10 +1.20 +1.00 +0.90 +0.50 +0.10 -0.10 +0.20 -0.40 -0.90 -1.20
072_C5  +10.30 +6.70 +4.10 +4.20 +2.70 +3.30 +2.20 +2.30 +2.20 +2.60 +2.20 +1.80 +1.20 +0.70 +0.20 +0.00
075_D#5 +5.30 +5.40 +3.30 +2.60 +2.10 +2.10 +2.00 +1.70 +1.30 +0.80 +0.30 -0.70 -1.80 -3.40 -2.60 -2.80
078_F#5 +7.60 +3.80 -0.10 -0.10 -0.30 -0.20 -0.30 +0.00 -0.80 -1.00 -1.10 -1.70 -1.70 -3.40 -3.60 -2.70
081_A5  +9.35 +7.25 +3.85 +3.75 +3.35 +1.55 +1.35 +1.35 +0.85 +0.65 +0.55 +1.35 +0.65 +0.15 -0.05 -0.95
084_C6  +5.75 +0.35 +1.25 +1.85 +0.45 +1.25 +0.35 +0.55 -1.95 -1.25 -1.45 -2.45 -2.65 -1.85 -2.25 -2.45
087_D#6 +8.65 +2.45 +3.65 +1.65 -0.45 -1.25 -1.35 -1.85 -1.85 -1.95 -1.85 -1.45 -2.15 -3.05 -3.35 -2.95
090_F#6 +9.90 +2.90 +2.00 +1.60 +0.70 +0.20 +0.00 -0.20 -0.80 -1.00 -1.80 -2.50 -2.40 -3.30 -3.10 -4.40
093_A6  +5.55 +3.15 +2.75 +1.25 +0.85 +2.15 +1.75 +1.25 +0.55 -0.25 -0.85 -1.55 -2.45 -2.55 -3.45 -4.75
096_C7  +7.70 +7.80 +4.40 +2.10 +2.30 +0.70 +1.10 +0.00 +0.20 -0.40 -1.20 -1.20 -3.70 -3.70 -4.00 -4.10
099_D#7 +11.70 +3.30 +4.60 +3.80 +3.10 +2.80 +1.70 +0.20 -0.20 -1.50 -1.10 -1.80 -1.70 -2.10 -3.40 -4.20
102_F#7 +0.30 -2.80 -4.40 -4.80 -5.30 -5.50 -5.50 -4.90 -5.70 -5.70 -5.20 -6.30 -6.30 -5.50 -7.00 -8.00
105_A7  +4.90 +3.50 +0.00 +1.30 -0.20 -0.20 -0.30 -0.40 -1.20 -1.60 -1.80 -2.50 -3.90 -4.50 -5.80 -7.60
108_C8  -0.45 -2.65 -3.45 -4.35 -4.25 -5.15 -5.35 -5.65 -5.55 -5.65 -6.05 -6.05 -7.05 -7.85 -9.65 -10.05
