#         v1   v2   v3   v4   v5   v6   v7   v8   v9  v10  v11  v12  v13  v14  v15  v16

021_A0  -0.2 -0.3 -0.3 -0.3 -0.6 -0.2 +0.4 +0.8 +0.7 +1.1 +1.3 +1.0 +0.5 +0.3 +0.1 -0.7 

024_C1  +0.2 +0.7 -0.3 +0.1 -0.6 -0.2 +0.1 +0.5 +0.4 -0.1 -0.2 -0.5 -0.8 -0.5 -0.4 -0.5 
027_D#1 -0.2 -0.3 -0.3 -0.7 -0.6 -0.2 +0.4 +0.8 +0.7 +1.1 +1.0 +0.7 -0.4 -0.7 -0.7 -1.3 
030_F#1 -0.7 -0.3 -0.3 +0.0 -0.6 +0.0 +0.6 +0.8 +1.0 +1.3 +1.2 +0.2 +0.0 -0.5 -0.7 -1.4 
033_A1  -1.2 -0.3 -0.3 -0.3 -0.6 +0.0 +0.6 +0.8 +1.0 +1.3 +1.0 +0.4 +0.0 -0.5 -0.7 -1.4 

036_C2  -1.2 -0.3 -0.3 -0.6 -0.9 -0.2 +0.4 +0.8 +1.2 +1.4 +1.1 +0.8 +0.0 -0.2 -0.3 -1.4 
039_D#2 -2.2 +0.2 +0.2 +0.6 -0.1 +0.3 +0.4 +0.8 +0.7 +0.7 +1.0 +0.4 -0.3 -0.5 -0.7 -1.4 
042_F#2 -2.2 -0.7  0.0 +0.4 -0.6 -0.2 +0.4 +0.8 +1.0 +1.4 +1.3 +1.0 +0.5 +0.3 -0.2 -0.9 
045_A2  -0.9 -2.5 -2.2 -1.3 -1.6 -1.2 -0.6 -0.2 +0.0 +0.3 +0.5 +0.5 +0.3 -0.5 -0.7 -1.2 

048_C3  -2.7 -2.0 -1.8 -1.5 -1.3 -0.8 -0.5 -0.5 +0.3 +0.3 +0.8 +0.5 -0.2 -1.2 -1.7 -2.7 
051_D#3 +0.4 +0.4 +0.8 +1.1 +1.2 +1.5 +1.4 +1.3 +1.3 +1.1 +0.5 +0.0 -0.5 -1.0 -1.7 -2.0 
054_F#3 +3.2 +2.0 +1.7 +2.0 +2.2 +2.4 +3.0 +2.3 +1.5 +1.3 +1.3 +1.2 -0.5 -0.9 -2.2 -2.4 
057_A3  +1.1 -0.7 -0.4 -0.4 -0.4 -0.5 +0.2 +0.5 +0.2 +0.2 +0.7 +0.8 -0.3 -1.0 -1.7 -3.2 

060_C4  +1.2 +0.0 -0.5 +0.0 -0.4 +0.2 +0.5 +0.5 +0.4 +0.2 +0.4 +0.3 +0.2 -1.0 -2.2 -3.2 
063_D#4 +1.4 +0.1 -0.3 +0.7 -0.1 +0.3 +0.5 +0.5 +0.5 +0.5 +0.9 +0.2 -0.3 -1.7 -2.7 -2.9 
066_F#4 +0.6 -0.6 +0.7 +0.7 +0.3 +0.9 +1.0 +1.0 +1.0 +0.7 +0.5 +0.0 -0.5 -2.2 -3.2 -4.2 
069_A4  +0.0 +0.0 +0.0 +0.0 +0.0 +0.2 +0.5 +0.6 +0.5 +0.3 +0.0 -0.3 -0.7 -1.7 -2.7 -3.2 

072_C5  +0.0 +0.0 +0.0 +0.0 +0.0 +0.2 +0.5 +0.8 +0.5 +0.3 +0.4 +0.4 -0.5 -0.7 -2.0 -2.2 
075_D#5 +1.2 +0.0 +0.5 +0.5 +0.0 +0.2 +0.5 +0.8 +0.5 +0.3 +0.2 -0.3 -0.5 -0.7 -1.7 -3.2 
078_F#5 +1.2 +0.0 +0.0 +0.5 -0.3 -0.6 -0.3 -0.3 -0.3 -0.5 -0.3 -0.6 -1.0 -1.2 -1.7 -3.7 
081_A5  +1.2 -0.5 +0.0 +0.5 -0.3 -0.1 +0.0 +0.5 +0.5 +0.6 +0.8 +0.8 +0.9 -0.1 -1.2 -2.7 

084_C6  +1.2 +0.0 +0.0 +0.0 -0.7 +0.2 +1.0 +0.0 +0.5 +0.3 +0.3 +0.0 -0.2 -1.2 -2.1 -2.2 
087_D#6 +2.2 +1.5 +1.0 +1.0 -0.3 +0.1 +0.5 +0.6 +0.3 +0.5 +0.5 +0.2 +0.0 -0.9 -1.7 -1.7 
090_F#6 +2.0 +0.0 +0.0 +0.0 -0.3 +0.2 +0.5 +0.5 +0.5 +0.3 +0.5 +0.7 +0.5 -0.3 -1.2 -2.7 
093_A6  +1.0 +1.0 +0.5 +0.5 +0.0 +0.7 +0.8 +0.5 +0.2 -0.2 -0.5 -0.8 -1.5 -1.3 -2.7 -4.2 

096_C7  +1.0 +1.0 +1.0 +1.0 +0.5 +0.4 +0.8 +0.5 -0.3 -1.0 -1.0 -1.3 -2.7 -3.7 -4.3 -4.6 
099_D#7 +1.0 +0.0 +1.8 +1.0 +0.5 +0.7 +0.8 +0.5 +0.2 -0.2 +0.0 -0.8 -1.0 -2.2 -2.7 -3.7 
102_F#7 +1.0 +0.2 +1.0 +1.0 +0.5 +0.7 +0.8 +0.5 +0.2 -0.2 -0.5 -0.8 -1.5 -2.2 -2.7 -4.2 
105_A7  +1.0 +0.0 +1.0 +1.0 +0.5 +0.7 +0.8 +0.5 +0.2 -0.2 -0.5 -0.8 -1.5 -2.2 -3.2 -5.2 

108_C8  -0.8 -0.8 +0.4 +0.4 +0.7 +0.4 +0.5 +0.5 +0.2 -0.2 -0.5 -0.8 -1.5 -2.2 -3.2 -3.5 

