021_A0  +8.00 +3.00 +1.80 +0.90 -0.10 -0.40 -0.80 -0.80 -0.70 -0.50 -1.10 -1.00 -1.40 -0.90 -1.40 -1.90
024_C1  +3.90 +0.80 +1.30 -1.10 -1.10 -0.90 -0.60 -0.70 -0.80 -0.40 -0.40 -0.70 -0.90 -1.10 -1.00 -1.20
027_D#1 +3.50 -0.10 +0.10 -0.90 -1.70 -1.10 -1.80 -1.90 -2.30 -2.10 -1.60 -1.90 -1.90 -1.90 -2.40 -2.70
030_F#1 +7.60 +2.80 +0.50 -0.40 -0.90 -0.30 -1.00 -0.90 -0.60 -0.50 -0.80 -0.20 -0.70 -0.70 -1.10 -1.70
033_A1  +7.40 +2.70 +0.40 -0.50 -1.00 -0.40 -1.10 -1.00 -0.70 -0.50 -0.80 -0.20 -0.70 -0.60 -1.10 -1.60
036_C2  +10.20 +2.90 +1.00 +0.30 -0.30 -0.20 -0.30 -0.30 -0.40 -0.50 -0.70 -0.70 -1.30 -1.30 -2.00 -2.30
039_D#2 +3.30 +1.40 +1.90 -0.40 -0.90 -1.70 -1.50 -1.50 -1.50 -1.20 -0.90 -1.00 -1.60 -2.10 -2.40 -2.90
042_F#2 +0.20 -1.80 -3.20 -3.40 -2.50 -2.20 -2.00 -1.60 -2.10 -1.10 -0.90 -2.00 -2.40 -2.90 -2.20 -2.70
045_A2  +6.60 +1.90 +0.60 +0.40 +0.80 +0.90 +0.70 +1.10 +0.80 -0.60 +0.00 +0.00 -1.50 -1.50 -2.10 -3.00
048_C3  +5.10 -0.90 -1.10 +0.00 +0.00 -0.60 -1.50 -1.90 -1.30 -0.90 -0.10 -0.40 -0.50 -1.20 -0.30 -1.10
051_D#3 +5.60 +3.10 +0.50 -0.90 -0.80 -0.20 -0.50 -0.10 -0.40 -0.30 +0.10 +0.30 -0.50 -0.60 -1.10 -1.80
054_F#3 +9.40 +6.30 +4.10 +3.10 +3.60 +3.10 +2.00 +1.70 +1.20 +1.10 +1.00 +0.90 +0.70 +0.40 -0.70 +0.00
057_A3  +9.20 +5.80 +4.00 +1.90 +2.00 +1.60 +1.10 +0.90 -0.40 +0.20 +0.40 -0.40 +0.20 +0.20 -0.40 -0.70
060_C4  +6.40 +3.10 +1.20 +0.30 -0.50 -0.50 -0.90 -0.80 -2.60 -2.00 -1.40 -2.10 -2.20 -2.10 -3.20 -2.10
063_D#4 +9.00 +5.50 +1.80 +1.80 +0.80 +0.70 +0.10 -0.20 -0.40 -0.40 -0.20 -0.20 -0.40 -1.30 -1.40 -2.30
066_F#4 +9.60 +7.00 +3.90 +2.30 +0.50 +0.10 +0.30 -0.20 -0.30 -0.60 -0.80 -1.40 -2.20 -2.80 -4.40 -3.60
069_A4  +9.90 +6.40 +2.80 +3.40 +1.60 +0.90 +1.00 +0.90 +0.80 +0.60 +0.10 -0.20 -0.10 -0.90 -1.50 -2.10
072_C5  +9.90 +5.90 +3.40 +3.70 +2.40 +3.00 +2.10 +2.30 +2.20 +2.50 +2.10 +1.90 +1.40 +1.10 +0.40 -0.40
075_D#5 +5.70 +5.50 +3.50 +2.80 +2.40 +2.10 +2.00 +1.80 +1.30 +0.80 +0.50 -0.60 -1.80 -3.30 -2.70 -2.90
078_F#5 +9.30 +5.10 +1.00 +0.60 +0.20 +0.10 -0.20 +0.00 -0.70 -1.00 -1.20 -2.00 -2.20 -4.00 -4.40 -3.70
081_A5  +10.05 +7.75 +4.05 +3.45 +2.85 +1.25 +1.35 +1.35 +1.05 +0.75 +0.55 +1.25 +0.55 +0.15 -0.35 -1.25
084_C6  +4.75 -1.15 +0.45 +1.45 +0.75 +1.35 -0.05 +1.15 -1.85 -1.35 -1.35 -2.15 -2.35 -1.55 -2.05 -2.45
087_D#6 +6.65 -0.05 +2.85 +1.75 -0.05 -0.95 -1.35 -1.55 -1.45 -1.65 -1.85 -1.65 -2.65 -3.35 -4.25 -4.15
090_F#6 +9.40 +3.90 +2.90 +2.20 +1.00 +0.40 +0.00 -0.40 -0.70 -1.10 -1.80 -2.60 -2.50 -3.50 -3.80 -5.10
093_A6  +7.25 +4.45 +3.55 +2.05 +1.05 +2.05 +1.05 +0.55 -0.15 -0.65 -1.25 -2.45 -3.15 -3.75 -4.45 -6.35
096_C7  +7.10 +7.40 +5.20 +3.50 +3.00 +1.20 +1.10 -0.20 +0.40 -0.50 -1.30 -1.50 -4.10 -4.60 -5.30 -5.90
099_D#7 +13.50 +6.30 +6.70 +5.70 +4.90 +4.10 +2.10 +0.60 +0.20 -1.40 -1.40 -2.50 -2.90 -4.10 -5.70 -8.00
102_F#7 +4.70 +0.50 -2.10 -2.40 -3.00 -3.50 -4.10 -3.70 -4.80 -5.00 -5.20 -6.80 -7.20 -6.90 -9.40 -11.50
105_A7  +7.80 +5.90 +1.80 +2.60 +0.80 +0.70 +0.30 -0.40 -1.70 -2.30 -3.30 -3.90 -5.50 -6.30 -7.90 -10.30
108_C8  +0.95 -1.15 -2.45 -3.45 -3.65 -4.55 -4.95 -5.05 -5.15 -5.45 -5.75 -6.45 -7.65 -9.15 -11.05 -11.65
