#         v1   v2   v3   v4   v5   v6   v7   v8   v9  v10  v11  v12  v13  v14  v15  v16

021_A0   0.0  0.0  0.0  0.0  0.0  0.0  0.0  0.0  0.0  0.0  0.0  0.0  0.0  0.0  0.0  0.0

024_C1  +1.5  0.0  0.0  0.0  0.0  0.0  0.0  0.0  0.0  0.0  0.0  0.0  0.0  0.0  0.0  0.0
027_D#1  0.0  0.0 -0.1 -0.1  0.0  0.0  0.0  0.0  0.0  0.0  0.0 -0.1  0.0 -0.2 -0.1  0.0
030_F#1 -0.3 +0.2  0.0 +0.2 +0.2 +0.2 +0.1 +0.2 +0.2 +0.1 +0.1  0.1 +0.2 +0.2 +0.2 +0.2
033_A1   0.0 -0.3 -0.2  0.0  0.0  0.0  0.0  0.0  0.0  0.0  0.0  0.0  0.0  0.0  0.0  0.0

036_C2   0.0  0.0  0.0  0.0  0.0  0.0  0.0  0.0  0.0  0.0  0.0  0.0  0.0  0.0  0.0  0.0
039_D#2 +3.6  0.0  0.0  0.0  0.0  0.0  0.0  0.0  0.0  0.0  0.0  0.0  0.0  0.0  0.0  0.0
042_F#2  0.0 -0.1 +0.1  0.0  0.0  0.0  0.0  0.0  0.0  0.0  0.0  0.0  0.0  0.0  0.0  0.0
045_A2   0.0 -0.1 +0.1  0.0  0.0  0.0  0.0  0.0  0.0 -0.1 -0.1 -0.2  0.0  0.0  0.0  0.0

048_C3   0.0  0.0  0.0  0.0  0.0  0.0  0.0  0.0  0.0  0.0  0.0  0.0  0.0  0.0  0.0  0.0
051_D#3 +2.5 +1.0 +0.1 +0.5 +0.8 +0.6  0.0 +0.2  0.0  0.0  0.0  0.0  0.0  0.0  0.0  0.0
054_F#3 +1.5 +2.2  0.0  0.0 +0.3  0.0 +0.2 +0.4  0.0  0.0  0.0  0.0  0.0  0.0  0.0  0.0
057_A3   0.0  0.0  0.0  0.0  0.0  0.0  0.0  0.0  0.0  0.0  0.0  0.0  0.0  0.0  0.0  0.0

060_C4   0.0 +0.3  0.0  0.0  0.0  0.0  0.0  0.0  0.0  0.0  0.0  0.0  0.0  0.0  0.0  0.0
063_D#4 +1.5 +2.2  0.0  0.0  0.0  0.0  0.0  0.0  0.0  0.0  0.0  0.0  0.0  0.0  0.0  0.0
066_F#4  0.0  0.0  0.0  0.0  0.0  0.0  0.0 +0.1 -0.1  0.0  0.0 -0.1 -0.1 +0.1  0.0  0.0
069_A4   0.0  0.0  0.0  0.0  0.0  0.0  0.0  0.0  0.0  0.0  0.0 +0.1  0.0 -0.1  0.0  0.0

072_C5   0.0  0.0  0.0  0.0  0.0  0.0  0.0  0.0  0.0  0.0  0.0 +0.1 +0.1 +0.2 +0.3 -0.1
075_D#5  0.0  0.0  0.0  0.0  0.0  0.0  0.0  0.0  0.0  0.0 +0.1 +0.3  0.0  0.0  0.0  0.0
078_F#5  0.0  0.0  0.0  0.0  0.0  0.0  0.0  0.0  0.0  0.0 +0.1 -0.2 -0.2  0.0  0.0  0.0
081_A5   0.0  0.0  0.0  0.0  0.0  0.0  0.0  0.0  0.0  0.0  0.0  0.0  0.0  0.0  0.0  0.0

084_C6   0.0  0.0  0.0  0.0 -0.2 -0.1 -0.2  0.0  0.0  0.0  0.0 +0.2  0.0 +0.3 +0.4 +0.9
087_D#6  0.0  0.0  0.0  0.0  0.0  0.0  0.0  0.0  0.0  0.0  0.0  0.0  0.0  0.0  0.0  0.0
090_F#6  0.0  0.0  0.0  0.0  0.0  0.0  0.0  0.0  0.0  0.0  0.0  0.0  0.0  0.0  0.0  0.0
093_A6   0.0  0.0  0.0  0.0  0.0  0.0  0.0  0.0  0.0  0.0  0.0  0.0  0.0  0.0  0.0  0.0

096_C7   0.0  0.0  0.0  0.0  0.0  0.0  0.0  0.0  0.0  0.0  0.0  0.0  0.0  0.0  0.0  0.0
099_D#7  0.0  0.0  0.0  0.0  0.0  0.0  0.0  0.0  0.0  0.0  0.0  0.0  0.0  0.0  0.0  0.0
102_F#7  0.0  0.0  0.0  0.0  0.0  0.0  0.0  0.0  0.0  0.0  0.0  0.0  0.0  0.0  0.0  0.0
105_A7   0.0  0.0  0.0  0.0  0.0  0.0  0.0  0.0  0.0  0.0  0.0  0.0  0.0  0.0  0.0  0.0

108_C8   0.0  0.0  0.0  0.0  0.0  0.0  0.0  0.0  0.0  0.0  0.0  0.0  0.0  0.0  0.0  0.0

