#         v1   v2   v3   v4   v5   v6   v7   v8   v9  v10  v11  v12  v13  v14  v15  v16

021_A0   0.0  0.0  0.0  0.0  0.0  0.0  0.0  0.0  0.0 +0.5 +0.8 +0.8  0.0 -0.5 -1.0 -2.0

024_C1   0.0 +1.0  0.0  0.0  0.0  0.0  0.0 +0.3  0.0 +0.5  0.0  0.0 -0.5 -0.5 -0.7 -0.8
027_D#1  0.0  0.0  0.0  0.0  0.0  0.0  0.0  0.0  0.0 +0.5 +0.5 +0.5 -0.4 -0.7 -1.0 -1.6
030_F#1  0.0  0.0  0.0  0.0  0.0  0.0  0.0  0.0  0.0 +0.5 +0.7  0.0  0.0 -0.5 -1.0 -1.7
033_A1  -1.0  0.0  0.0  0.0  0.0  0.0  0.0  0.0  0.0 +0.5 +0.5 +0.5  0.0 -0.5 -1.0 -1.7

036_C2  -1.0  0.0  0.0  0.0 -0.3  0.0  0.0  0.0  0.0 +0.5 +0.3 +0.3  0.0 -0.5 -0.6 -1.7
039_D#2 -1.0 +0.8  0.0  0.0  0.0  0.0  0.0  0.0  0.0 +0.5 +0.5 +0.5  0.0 -0.5 -1.0 -1.7
042_F#2 -1.0  0.0  0.0  0.0  0.0  0.0  0.0  0.0  0.0 +0.5 +0.3 +0.3  0.0 -0.5 -1.0 -1.7
045_A2   0.0 -1.5 -1.5 -1.0 -1.0 -1.0 -1.0 -1.0 -0.7 -0.3  0.0 +0.3  0.0 -0.5 -1.0 -1.5

048_C3  -1.5 -1.5 -1.9 -1.0 -1.0 -1.0 -1.0 -1.0 -0.2 -0.3 +0.8 +0.8 +0.3 -0.5 -1.0 -2.0
051_D#3  0.0  0.0  0.0  0.0  0.0  0.0  0.0  0.0  0.0  0.0  0.0  0.0  0.0 -0.5 -1.0 -1.3
054_F#3 +1.2  0.0  0.0  0.0  0.0  0.0  0.0  0.0  0.0  0.0 +0.5 +0.8  0.0 -0.5 -1.5 -2.0
057_A3  +1.2  0.0  0.0  0.0  0.0  0.0  0.0 +0.5  0.0  0.0 +0.5 +0.5  0.0 -0.5 -1.0 -2.5

060_C4  +1.2  0.0  0.0  0.0  0.0  0.0  0.0  0.0  0.0 +0.2 +0.4 +1.1 +0.7 -0.3 -1.5 -2.5
063_D#4 +1.2  0.0 -0.2 +0.3  0.0  0.0  0.0  0.0  0.0 +0.2 +0.9 +0.5 +0.5 -1.0 -2.0 -2.5
066_F#4 +1.2  0.0  0.0  0.0 -0.4  0.0  0.0  0.0  0.0  0.0 +0.5 +0.8 +0.5 -1.0 -2.0 -3.0
069_A4   0.0  0.0  0.0  0.0  0.0  0.0  0.0 +0.5  0.0  0.0  0.0 +0.5 +0.3 -0.5 -1.5 -2.0

072_C5   0.0  0.0  0.0  0.0  0.0  0.0  0.0  0.0  0.0  0.0  0.0 +0.4  0.0  0.0 -1.3 -1.5
075_D#5 +1.2  0.0  0.0  0.0  0.0  0.0  0.0  0.0  0.0  0.0 +0.5  0.0  0.0  0.0 -1.0 -2.0
078_F#5 +1.2  0.0  0.0 +0.5  0.0  0.0  0.0  0.0  0.0  0.0 +0.5 +0.5  0.0 -0.5 -1.0 -3.0
081_A5  +1.2  0.0  0.0 +0.5  0.0  0.0  0.0 +0.4  0.0 +0.3 +0.8 +1.1 +1.4 +0.6 -0.5 -2.0

084_C6  +1.2  0.0  0.0  0.0 -0.4  0.0 +1.0 -0.5  0.0  0.0 +0.3 +0.3 +0.3 -0.5 -1.4 -1.5
087_D#6 +1.2  0.0  0.0  0.0  0.0  0.0  0.0  0.0  0.0  0.0 +0.5 +0.5 +0.5 -0.2 -1.0 -1.0
090_F#6 +2.0  0.0  0.0  0.0  0.0  0.0  0.0  0.0  0.0  0.0 +0.5 +1.0 +1.0 +0.4 -0.5 -2.0


093_A6  +1.0 +1.0 +0.5 +0.5  0.0  0.0 +0.3  0.0 -0.3 -0.5 -0.5 -0.5 -1.0 -0.6 -2.0 -3.5

096_C7  +1.0 +1.0 +1.0 +1.0 +0.5 +0.5 +0.3  0.0 -0.8 -1.0 -1.0 -1.0 -1.5 -2.5 -3.3 -3.9
099_D#7 +2.0 +1.0 +1.0 +1.0 +0.5 +0.5 +0.3  0.0 -0.3 -0.5  0.0 -0.5 -1.0 -1.5 -2.0 -3.0
102_F#7 +2.0 +1.0 +1.0 +1.0 +0.5 +0.5 +0.3  0.0 -0.3 -0.5 -0.5 -0.5 -1.0 -1.5 -2.0 -3.5
105_A7  +2.0 +1.0 +1.0 +1.0 +0.5 +0.5 +0.3  0.0 -0.3 -0.5 -0.5 -0.5 -1.0 -1.5 -2.5 -4.5

108_C8  +1.0 +1.0 +1.0 +1.0 +0.5 +0.5  0.0  0.0 -0.3 -0.5 -0.5 -0.5 -1.0 -1.5 -2.5 -2.8

