#Key Volume(db)
#         v1   v2   v3   v4   v5   v6   v7   v8   v9  v10  v11  v12  v13  v14  v15  v16

_VEL     0.0  0.0  0.0  0.0 +0.2 +0.5 +0.8 +1.1 +1.3 +1.5 +1.7 +1.9 +1.9 +1.9 +1.9 +1.9
VEL      0.0  0.0  0.0  0.0  0.0  0.0  0.0  0.0  0.0  0.0  0.0  0.0  0.0  0.0  0.0  0.0

021_A0   0.0 -2.0 -1.4 -1.8 -1.8 -1.9 -2.0 -2.0 -2.0 -2.0 -2.3 -2.1 -2.0 -1.8 -2.0 -2.0

024_C1  -7.0 -5.5  0.0 -3.2 -1.8 -1.5 -1.8 -2.0 -2.0 -1.2 -0.8 -0.9 -0.6 -0.8 -1.3 -1.3
027_D#1 -3.0 -3.5 +0.6  0.0 -1.0  0.0 -1.4 -2.0 -2.5 -2.8 -2.5 -1.9 -0.8 -1.0 -2.0 -2.0
030_F#1 -5.0 +2.0 +1.7 +1.1 -0.2 +1.5 -0.5 -0.8 -0.4 +0.4 +1.1 +1.4 +2.6 +2.7 +2.5 +2.3
033_A1   0.0 -2.3 -2.5 -3.5 -3.2 -0.5 -4.0 -4.0 -3.4 -3.8 -4.6 -2.6 -2.9 -2.2 -3.0 -3.0

036_C2  +2.8 -2.5 -2.0 -2.0 -1.3 -1.2 -2.2 -2.0 -3.2 -3.5 -4.5 -4.6 -4.7 -3.5 -3.8 -3.8
039_D#2 -7.0 -3.8 +1.8 -2.6 -2.0 -1.8 -2.4 -2.0 -2.3 -1.8 -2.2 -1.7 -1.6 -1.5 -1.8 -1.8
042_F#2 +0.4 -4.7 -4.1 -4.3 -1.5 -1.0 -1.6 -1.5 -3.2 -1.8 -1.4 -3.4 -3.0 -3.5 -1.5 -1.4
045_A2  +0.6 -2.7 -1.9 -2.8 -0.5 -0.7 -1.2 -1.5 -2.1 -3.3 -2.8 -2.2 -4.1 -3.8 -4.1 -4.2

048_C3  +3.0  0.0 +1.6 +2.7 +3.8 +4.0 +2.1 +1.1 +1.4 +2.0 +2.3 +2.9 +4.3 +3.5 +4.8 +4.5
051_D#3 -6.2 -2.5 -3.2 -4.4 -3.5 -2.4 -1.8 -1.9 -2.1 -2.4 -0.1 +0.2 +0.5 +1.0 +1.0 +0.8
054_F#3 -4.8 -2.2 -0.8 -1.1 -0.8 -2.2 -3.6 -3.5 -3.0 -3.6 -3.4 -3.5 -3.3 -2.0 -2.0 -2.2
057_A3  +1.0 +1.8 +1.5 +0.7 +2.1 +3.1 +0.7 -1.4 -4.0 -3.0 -3.7 -5.7 -3.8 -1.9 -1.8 -0.9

060_C4  -2.8 -0.6 -0.5 -0.1 -0.8 -1.0 -1.4 -5.4 -4.7 -3.3 -4.7 -4.6 -3.9 -4.4 -1.9 +1.4
063_D#4 -4.0 -4.7 -3.3 -1.6 -1.1 -0.8 -1.7 -1.3 -2.2 -2.9 -2.5 -2.2 -0.9 -0.3 +1.0 +0.8
066_F#4 +0.5 +1.8 -0.4 -1.5 -0.5 -1.7 -1.7 -1.3 -2.0 -2.4 -2.3 -2.2 -1.6 -0.2 +0.3 +0.1
069_A4  +3.5 +2.4 +1.7 +3.1 +2.2 +1.4 +2.0 +2.2 +0.9 +0.1 +0.5 +1.0 +2.1 +2.7 +3.0 +3.0

072_C5  +4.5 +3.1 +2.2 +2.2 +2.3 +2.3 +2.9 +3.5 +2.1 +2.0 +1.5 +1.6 +2.0 +1.6 +2.5 +2.5
075_D#5 -3.0 +1.6 +2.7 +2.8 +3.7 +3.6 +4.7 +4.3 +3.7 +3.1 +2.5 +1.6 +1.4 +0.1 +1.8 +3.2
078_F#5 -1.1 -0.5 -0.3 -1.1 +1.9 +0.4 +2.2 +2.3 +1.3 +0.4 -0.1 -1.2 -0.4 -2.0 -1.6 +0.7
081_A5  +2.2 +4.6 +3.4 +3.0 +4.7 +2.3 +2.7 +3.0 +1.9 +0.7 +0.6 +1.5 +1.4 +1.7 +2.3 +2.6

084_C6  -3.9 -3.3 -2.8 -2.3 -2.3 -1.5 -2.0 -1.4 -4.7 -5.7 -6.3 -6.6 -5.2 -4.6 -4.7 -5.5
087_D#6 -0.1 +0.6  0.0 -1.1 -0.7 -2.7 -1.8 -2.2 -1.7 -3.0 -2.7 -1.8 -2.2 -2.2 -1.8 -1.6
090_F#6 +1.9 -0.4  0.0 -0.6 +1.3 -0.8 -0.1 -0.2 -0.2 -1.9 -2.0 -2.7 -2.4 -2.6 -1.5 -1.5
093_A6  -2.1 -2.1 +0.1 -1.0 +0.4 +0.2 +0.1 +0.1 +0.5 -1.0 -0.6 -0.9 -0.9 -1.1 -0.5 -0.5

096_C7  -0.6 +2.0 +0.8 -0.2 +0.3 -0.3 -0.1  0.0 +1.2 -0.1 -0.3 -0.3 -0.6 -0.1 -0.1 -0.1
099_D#7 +3.4 -1.5  0.0 +0.4 +0.6 +0.3 +0.3 -1.0 -0.2 -2.1 -2.1 -2.1 -1.7 -1.3 -1.1 -1.1
102_F#7 -6.8 -6.6 -7.3 -6.5 -6.1 -6.5 -5.7 -4.5 -4.8 -4.8 -4.3 -4.6 -4.1 -3.0 -3.0 -3.2
105_A7  -2.2 -0.1 -1.4 -0.9 -1.0 -0.6 -0.5  0.0 -0.5 -0.5 -0.4 -0.8 -1.7 -1.8 -1.8 -1.8

108_C8  -7.3 -7.0 -7.0 -7.0 -6.8 -7.0 -7.0 -7.0 -7.0 -6.0 -6.0 -6.0 -6.0 -6.0 -6.0 -6.0

