#### DO NOT EDIT.  Generated by setup_overtone.sh ####
#
# GAIN(db) for filter2(frequency*26)
#              for frequency < 500Hz
#
045_A2 - -0.000 -0.000 -0.000 -0.000 -0.000 -0.000 -0.000 -0.000 -0.000 -0.000 -0.000 -0.000 -0.000 -0.000 -0.000 -0.000
048_C3 - -0.000 -0.000 -0.000 -0.000 -0.000 -0.000 -0.000 -0.000 -0.000 -0.000 -0.000 -0.000 -0.000 -0.000 -0.000 -0.000
051_D#3 - -0.000 -0.000 -0.000 -0.000 -20.000 -12.000 -14.000 -10.000 -10.000 -8.000 -6.000 -4.000 -2.000 -0.000 -0.000 -0.000
054_F#3 - -0.000 -0.000 -24.500 -14.000 -0.000 -0.000 -0.000 -0.000 -0.000 -0.000 -0.000 -0.000 -0.000 -0.000 -7.000 -0.000
057_A3 - -0.000 -0.000 -0.000 -8.750 -0.000 -3.500 -0.000 -0.000 -0.000 -3.500 -7.000 -0.000 -0.000 -3.500 -3.500 -0.000
060_C4 - -0.000 -0.000 -20.000 -4.800 -4.000 -4.000 -4.000 -0.000 -0.000 -0.000 -0.000 -0.000 -0.000 -0.000 -6.000 -0.000
063_D#4 - -0.000 -0.000 -32.000 -0.000 -0.000 -0.000 -0.000 -0.000 -0.000 -0.000 -0.000 -0.000 -0.000 -0.000 -0.000 -0.000
066_F#4 - -0.000 -0.000 -0.000 -0.000 -0.000 -0.000 -0.000 -0.000 -0.000 -0.000 -0.000 -0.000 -0.000 -4.000 -12.000 -0.000
069_A4 - -0.000 -0.000 -5.000 -3.000 -3.000 -3.000 -3.000 -2.500 -2.000 -2.000 -2.000 -2.000 -2.000 -3.000 -3.000 -2.000
