#### DO NOT EDIT.  Generated by setup_overtone.sh ####
#
# GAIN(db) of filter1(frequency*12)
#            for 200Hz <= frequency
#
054_F#3 -0.00 -0.00 -3.50 -2.00 -0.00 -0.00 -0.00 -0.00 -0.00 -0.00 -0.00 -0.00 -0.00 -0.00 -1.00 -0.00
057_A3 -0.00 -0.00 -0.00 -1.25 -0.00 -0.50 -0.00 -0.00 -0.00 -0.50 -1.00 -0.00 -0.00 -0.50 -0.50 -0.00
060_C4 -0.00 -0.00 -5.00 -1.20 -1.00 -1.00 -1.00 -0.00 -0.00 -0.00 -0.00 -0.00 -0.00 -0.00 -1.50 -0.00
063_D#4 -0.00 -0.00 -9.60 -0.00 -0.00 -0.00 -0.00 -0.00 -0.00 -0.00 -0.00 -0.00 -0.00 -0.00 -0.00 -0.00
066_F#4 -0.00 -0.00 -0.00 -0.00 -0.00 -0.00 -0.00 -0.00 -0.00 -0.00 -0.00 -0.00 -0.00 -2.75 -8.25 -0.00
069_A4 -0.00 -0.00 -20.00 -12.00 -12.00 -12.00 -12.00 -10.00 -8.00 -8.00 -8.00 -8.00 -8.00 -12.00 -12.00 -8.00
072_C5 -0.00 -0.00 -40.00 -32.00 -28.00 -24.00 -24.00 -20.00 -20.00 -20.00 -20.00 -20.00 -16.00 -8.00 -8.00 -8.00
075_D#5 -0.00 -0.00 -40.00 -32.00 -32.00 -24.00 -22.00 -20.00 -20.00 -16.00 -12.00 -12.00 -12.00 -12.00 -12.00 -10.00
078_F#5 -0.00 -0.00 -0.00 -0.00 -0.00 -0.00 -4.00 -4.00 -4.00 -4.00 -8.00 -8.00 -8.00 -16.00 -16.00 -12.00
081_A5 -0.00 -0.00 -0.00 -0.00 -0.00 -26.00 -12.00 -12.00 -12.00 -28.00 -28.00 -24.00 -24.00 -24.00 -20.00 -20.00
084_C6 -0.00 -0.00 -0.00 -0.00 -0.00 -0.00 -12.00 -12.00 -40.00 -28.00 -16.00 -32.00 -32.00 -16.00 -8.00 -4.00
087_D#6 -0.00 -0.00 -0.00 -0.00 -0.00 -0.00 -0.00 -0.00 -0.00 -0.00 -0.00 -0.00 -0.00 -0.00 -0.00 -0.00
090_F#6 -0.00 -0.00 -0.00 -0.00 -0.00 -0.00 -0.00 -0.00 -0.00 -0.00 -0.00 -0.00 -0.00 -0.00 -0.00 -0.00
093_A6 -0.00 -0.00 -0.00 -0.00 -0.00 -0.00 -0.00 -0.00 -0.00 -0.00 -0.00 -0.00 -0.00 -0.00 -0.00 -0.00
096_C7 -0.00 -0.00 -0.00 -0.00 -0.00 -0.00 -0.00 -0.00 -0.00 -0.00 -0.00 -0.00 -0.00 -0.00 -0.00 -0.00
