#### DO NOT EDIT.  Generated by setup_overtone.sh ####
#
# GAIN(db) of filter1(frequency*12)
#            for 200Hz <= frequency
#
054_F#3 -5.00 -4.50 -4.25 -4.00 -3.75 -3.50 -3.25 -3.00 -2.75 -2.50 -2.20 -2.00 -1.50 -1.00 -0.50 -0.00
057_A3 -5.00 -4.50 -4.25 -4.00 -3.75 -3.50 -3.25 -3.00 -2.75 -2.50 -2.20 -2.00 -1.50 -1.00 -0.50 -0.00
060_C4 -8.80 -7.92 -7.48 -7.04 -6.60 -6.16 -5.72 -5.28 -4.84 -4.40 -3.87 -3.52 -2.64 -1.76 -0.88 -0.00
063_D#4 -12.00 -10.80 -10.20 -9.60 -9.00 -8.40 -7.80 -7.20 -6.60 -6.00 -5.28 -4.80 -3.60 -2.40 -1.20 -0.00
066_F#4 -27.50 -24.75 -23.38 -22.00 -20.62 -19.25 -17.88 -16.50 -15.13 -13.75 -12.10 -11.00 -8.25 -5.50 -2.75 -0.00
069_A4 -35.00 -31.50 -29.75 -28.00 -26.25 -24.50 -22.75 -21.00 -19.25 -17.50 -15.40 -14.00 -10.50 -7.00 -3.50 -0.00
072_C5 -33.00 -29.70 -28.05 -26.40 -24.75 -23.10 -21.45 -19.80 -18.15 -16.50 -14.52 -13.20 -9.90 -6.60 -3.30 -0.00
075_D#5 -30.00 -27.00 -25.50 -24.00 -22.50 -21.00 -19.50 -18.00 -16.50 -15.00 -13.20 -12.00 -9.00 -6.00 -3.00 -0.00
078_F#5 -30.00 -27.00 -25.50 -24.00 -22.50 -21.00 -19.50 -18.00 -16.50 -15.00 -13.20 -12.00 -9.00 -6.00 -3.00 -0.00
081_A5 -30.00 -27.00 -25.50 -24.00 -22.50 -21.00 -19.50 -18.00 -16.50 -15.00 -13.20 -12.00 -9.00 -6.00 -3.00 -0.00
084_C6 -30.00 -27.00 -25.50 -24.00 -22.50 -21.00 -19.50 -18.00 -16.50 -15.00 -13.20 -12.00 -9.00 -6.00 -3.00 -0.00
087_D#6 -30.00 -27.00 -25.50 -24.00 -22.50 -21.00 -19.50 -18.00 -16.50 -15.00 -13.20 -12.00 -9.00 -6.00 -3.00 -0.00
090_F#6 -30.00 -27.00 -25.50 -24.00 -22.50 -21.00 -19.50 -18.00 -16.50 -15.00 -13.20 -12.00 -9.00 -6.00 -3.00 -0.00
093_A6 -20.00 -18.00 -17.00 -16.00 -15.00 -14.00 -13.00 -12.00 -11.00 -10.00 -8.80 -8.00 -6.00 -4.00 -2.00 -0.00
096_C7 -5.00 -4.50 -4.25 -4.00 -3.75 -3.50 -3.25 -3.00 -2.75 -2.50 -2.20 -2.00 -1.50 -1.00 -0.50 -0.00
