#
#        GAIN3 EFF_RATIO@1.0  v1  v2  v3  v4  v5   v6   v7   v8   v9   v10  v11  v12  v13  v14  v15  v16
#     (freq*4) for 500Hz <= frequency
#
#  key  gain junk vol
021_A0   0    0    0

024_C1   0    0    0
027_D#1  0    0    0
030_F#1  0    0    0
033_A1   0    0    0

036_C2   0    0    0
039_D#2  0    0    0
042_F#2  0    0    0
045_A2   0    0    0

048_C3   0    0    0
051_D#3  0    0    0
054_F#3  0    0    0
057_A3   0    0    0

060_C4   0    0    0
063_D#4  0    0    0
066_F#4  0    0    0
069_A4   0    0    0

072_C5   -7   0   0.21          1.0 1.0 0.99 0.98  0.97 0.96 0.95 0.94  0.92 0.90 0.86 0.80  0.7 0.6 0.45 0.3
075_D#5  -10  0   0.2           1.0 1.0 0.99 0.98  0.97 0.96 0.95 0.94  0.92 0.90 0.86 0.80  0.7 0.6 0.45 0.3
078_F#5  -10  0   0.1           1.0 1.0 0.99 0.98  0.97 0.96 0.95 0.94  0.92 0.90 0.86 0.80  0.7 0.6 0.45 0.3
081_A5   -10  0   0.15          1.0 1.0 0.99 0.98  0.97 0.96 0.95 0.94  0.92 0.90 0.86 0.80  0.7 0.6 0.45 0.3

084_C6   -10  0   0.25          1.0 1.0 0.99 0.98  0.97 0.96 0.95 0.94  0.92 0.90 0.86 0.80  0.7 0.6 0.45 0.3
087_D#6  -10  0   0.17          1.0 1.0 0.99 0.98  0.97 0.96 0.95 0.94  0.92 0.90 0.86 0.80  0.7 0.6 0.45 0.3

#

090_F#6  -10  0   0.10          1.0 1.0 0.99 0.98  0.97 0.96 0.95 0.94  0.92 0.90 0.86 0.80  0.7 0.6 0.45 0.3
093_A6   -15  0   0.15          1.0 1.0 0.99 0.98  0.97 0.96 0.95 0.94  0.92 0.90 0.86 0.80  0.7 0.6 0.45 0.3

096_C7   -20  0   0.30          1.0 1.0 0.99 0.98  0.97 0.96 0.95 0.94  0.92 0.90 0.86 0.80  0.7 0.6 0.45 0.3
099_D#7  -30  0   0.70          1.0 1.0 0.99 0.98  0.97 0.96 0.95 0.94  0.92 0.90 0.86 0.80  0.7 0.6 0.45 0.3
102_F#7  -40  0   1.5           1.0 1.0 0.99 0.98  0.97 0.96 0.95 0.94  0.92 0.90 0.86 0.80  0.7 0.6 0.45 0.3
105_A7   -40  0   1.4           1.0 1.0 0.99 0.98  0.97 0.96 0.95 0.94  0.92 0.90 0.86 0.80  0.7 0.6 0.45 0.3

108_C8   -40  0   0.55          1.0 1.0 0.99 0.98  0.97 0.96 0.95 0.94  0.92 0.90 0.86 0.80  0.7 0.6 0.45 0.3

# candidate
# 1.0 1.0 0.95 0.9  0.85 0.8 0.75 0.7  0.65 0.6 0.55 0.5  0.4 0.3 0.2 0.1
# 1.0 1.0 1.0 1.0  0.95 0.9 0.85 0.8  0.75 0.7 0.65 0.6  0.55 0.5 0.4 0.3
#
# V5.0RC3
# 1.0 1.0 0.99 0.98  0.97 0.95 0.92 0.9  0.85 0.8 0.75 0.7  0.6 0.5 0.4 0.3
# V5.0
# 1.0 1.0 0.99 0.98  0.97 0.96 0.95 0.94  0.92 0.90 0.86 0.80  0.7 0.6 0.45 0.3
# 1.0 1.0 1.0 1.0  1.0 0.99 0.99 0.98  0.98 0.97 0.95 0.90  0.8 0.65 0.5 0.35
# 1.0 1.0 1.0 1.0  0.99 0.98 0.97 0.96  0.95 0.93 0.90 0.81  0.68 0.55 0.40 0.25
# 1.0 1.0 1.0 1.0  0.99 0.98 0.97 0.96  0.95 0.93 0.90 0.81  0.68 0.55 0.40 0.25
# 1.0 1.0 1.0 1.0  1.0 0.99 0.98 0.97  0.96 0.95 0.94 0.92  0.9 0.67 0.43 0.2
# 1.0 1.0 1.0 1.0  1.0 0.99 0.98 0.97  0.96 0.95 0.94 0.92  0.9 0.70 0.50 0.3
# 1.0 1.0 1.0 1.0  1.0 0.99 0.98 0.97  0.96 0.95 0.94 0.92  0.9 0.73 0.56 0.4
# 1.0 1.0 1.0 1.0  1.0 0.99 0.99 0.98  0.98 0.97 0.95 0.90  0.8 0.7 0.6 0.5
# V5.0RC4
# 1.0 1.0 1.0 1.0  1.0 0.99 0.99 0.98  0.98 0.97 0.95 0.90  0.8 0.65 0.5 0.35
# 1.0 1.0 1.0 1.0  1.0 0.99 0.98 0.97  0.96 0.95 0.94 0.92  0.9 0.77 0.63 0.5
# 1.0 1.0 1.0 1.0  1.0 0.99 0.98 0.97  0.96 0.95 0.94 0.92  0.9 0.80 0.70 0.6
# 1.0 1.0 1.0 1.0  1.0 0.99 0.98 0.97  0.96 0.95 0.94 0.92  0.9 0.83 0.77 0.7
# 1.0 1.0 1.0 1.0  1.0 1.0 1.0 1.0  1.0 1.0 1.0 1.0  1.0 1.0 1.0 1.0

# 072_C5   -10  0   0.3

