#
#        GAIN1 GAIN2 EFF_RATIO@1.0  v1  v2  v3  v4  v5  v6   v7   v8   v9   v10  v11  v12  v13 v14  v15  v16
#
021_A0   0     0     0

024_C1   0     0     0
027_D#1  0     0     0
030_F#1  0     0     0
033_A1   0     0     0

036_C2   0     0     0
039_D#2  0     0     0
042_F#2  0     0     0
045_A2   0     -7    -0.3           1.0 1.0 1.0 1.0 1.0 0.99 0.98 0.97 0.96 0.95 0.94 0.92 0.9 0.78 0.65 0.5

048_C3   0     -10   -0.4           1.0 1.0 1.0 1.0 1.0 0.99 0.98 0.97 0.96 0.95 0.94 0.92 0.9 0.78 0.65 0.5
051_D#3  0     -20   -0.4           1.0 1.0 1.0 1.0 1.0 0.99 0.98 0.97 0.96 0.95 0.94 0.92 0.9 0.78 0.65 0.5
054_F#3  0     -30   -0.2           1.0 1.0 1.0 1.0 1.0 0.99 0.98 0.97 0.96 0.95 0.94 0.92 0.9 0.78 0.65 0.5
057_A3   -5    -40   -0.5           1.0 1.0 1.0 1.0 1.0 0.99 0.98 0.97 0.96 0.95 0.94 0.92 0.9 0.78 0.65 0.5

060_C4   -10   -40   -0.5           1.0 1.0 1.0 1.0 1.0 0.99 0.98 0.97 0.96 0.95 0.94 0.92 0.9 0.78 0.65 0.5
063_D#4  -12   -40   -0.5           1.0 1.0 1.0 1.0 1.0 0.99 0.98 0.97 0.96 0.95 0.94 0.92 0.9 0.78 0.65 0.5
066_F#4  -27.5 -40   -0.6           1.0 1.0 1.0 1.0 1.0 0.99 0.98 0.97 0.96 0.95 0.94 0.92 0.9 0.78 0.65 0.5
069_A4   -40   -10   -0.6           1.0 1.0 1.0 1.0 1.0 0.99 0.98 0.97 0.96 0.95 0.94 0.92 0.9 0.78 0.65 0.5

072_C5   -40   0     -0.6           1.0 1.0 1.0 1.0 1.0 0.99 0.98 0.97 0.96 0.95 0.94 0.92 0.9 0.78 0.65 0.5
075_D#5  -40   0     -0.6           1.0 1.0 1.0 1.0 1.0 0.99 0.98 0.97 0.96 0.95 0.94 0.92 0.9 0.78 0.65 0.5
078_F#5  -40   0     -0.4           1.0 1.0 1.0 1.0 1.0 0.99 0.98 0.97 0.96 0.95 0.94 0.92 0.9 0.78 0.65 0.5
081_A5   -40   0     -0.4           1.0 1.0 1.0 1.0 1.0 0.99 0.98 0.97 0.96 0.95 0.94 0.92 0.9 0.78 0.65 0.5

084_C6   -40   0     -0.4           1.0 1.0 1.0 1.0 1.0 0.99 0.98 0.97 0.96 0.95 0.94 0.92 0.9 0.78 0.65 0.5
087_D#6  -40   0     -0.2           1.0 1.0 1.0 1.0 1.0 0.99 0.98 0.97 0.96 0.95 0.94 0.92 0.9 0.78 0.65 0.5
090_F#6  -30   0     -0.2           1.0 1.0 1.0 1.0 1.0 0.99 0.98 0.97 0.96 0.95 0.94 0.92 0.9 0.78 0.65 0.5
093_A6   -20   0     0              1.0 1.0 1.0 1.0 1.0 0.99 0.98 0.97 0.96 0.95 0.94 0.92 0.9 0.78 0.65 0.5

096_C7   -5    0     0              1.0 1.0 1.0 1.0 1.0 0.99 0.98 0.97 0.96 0.95 0.94 0.92 0.9 0.78 0.65 0.5
099_D#7  0     0     0
102_F#7  0     0     0
105_A7   0     0     0

108_C8   0     0     0

