#
#        GAIN1 GAIN2 EFF_RATIO@1.0  v1  v2  v3  v4      v5  v6   v7   v8     v9  v10  v11  v12    v13 v14  v15  v16
#
#  key  gain1 gain2 vol

021_A0   0     0     0

024_C1   0     0     0
027_D#1  0     0     0
030_F#1  0     0     0
033_A1   0     0     0

036_C2   0     0     0
039_D#2  0     0     0
042_F#2  0     0     0
045_A2   0     -7    0.0            1.0 1.0 1.0 1.0    0.95 0.9 0.85 0.8    0.75 0.7 0.6 0.5      0.4 0.3 0.2 0.1

048_C3   0     -10   0.1            1.0 1.0 1.0 1.0    0.95 0.9 0.85 0.8    0.75 0.7 0.6 0.5      0.4 0.3 0.2 0.1
051_D#3  0     -20   0.1            1.0 1.0 1.0 1.0    0.95 0.9 0.85 0.8    0.75 0.7 0.6 0.5      0.4 0.3 0.2 0.1
054_F#3  -5    -35   0.3            1.0 1.0 1.0 1.0    0.95 0.9 0.85 0.8    0.75 0.7 0.6 0.5      0.4 0.3 0.2 0.1
057_A3   -5    -35   0.3            1.0 1.0 1.0 1.0    0.95 0.9 0.85 0.8    0.75 0.7 0.6 0.5      0.4 0.3 0.2 0.1

060_C4   -8.8  -35   0.26           1.0 1.0 1.0 1.0    0.95 0.9 0.85 0.8    0.75 0.7 0.6 0.5      0.4 0.3 0.2 0.1
063_D#4  -12   -40   0.2            1.0 1.0 1.0 1.0    0.95 0.9 0.85 0.8    0.75 0.7 0.6 0.5      0.4 0.3 0.2 0.1
066_F#4  -27.5 -40   0.5            1.0 1.0 1.0 1.0    0.95 0.9 0.85 0.8    0.75 0.7 0.6 0.5      0.4 0.3 0.2 0.1
069_A4   -35   -8.75 0.53           1.0 1.0 1.0 1.0    0.95 0.9 0.85 0.8    0.75 0.7 0.6 0.5      0.4 0.3 0.2 0.1

072_C5   -33   0     0.58           1.0 1.0 1.0 1.0    0.95 0.9 0.85 0.8    0.75 0.7 0.6 0.5      0.4 0.3 0.2 0.1
075_D#5  -30   0     0.53           1.0 1.0 1.0 1.0    0.95 0.9 0.85 0.8    0.75 0.7 0.6 0.5      0.4 0.3 0.2 0.1
078_F#5  -30   0     0.38           1.0 1.0 1.0 1.0    0.95 0.9 0.85 0.8    0.75 0.7 0.6 0.5      0.4 0.3 0.2 0.1
081_A5   -30   0     0.38           1.0 1.0 1.0 1.0    0.95 0.9 0.85 0.8    0.75 0.7 0.6 0.5      0.4 0.3 0.2 0.1

084_C6   -30   0     0.3            1.0 1.0 1.0 1.0    0.95 0.9 0.85 0.8    0.75 0.7 0.6 0.5      0.4 0.3 0.2 0.1
087_D#6  -30   0     0.1            1.0 1.0 1.0 1.0    0.95 0.9 0.85 0.8    0.75 0.7 0.6 0.5      0.4 0.3 0.2 0.1
090_F#6  -30   0     0.1            1.0 1.0 1.0 1.0    0.95 0.9 0.85 0.8    0.75 0.7 0.6 0.5      0.4 0.3 0.2 0.1
093_A6   -20   0     0              1.0 1.0 1.0 1.0    0.95 0.9 0.85 0.8    0.75 0.7 0.6 0.5      0.4 0.3 0.2 0.1

096_C7   -5    0     0              1.0 1.0 1.0 1.0    0.95 0.9 0.85 0.8    0.75 0.7 0.6 0.5      0.4 0.3 0.2 0.1
099_D#7  0     0     0
102_F#7  0     0     0
105_A7   0     0     0

108_C8   0     0     0



# 060_C4   -10   -40   0.3

# 072_C5   -40   0     0.7
# 075_D#5  -40   0     0.7
# 078_F#5  -40   0     0.5
# 081_A5   -40   0     0.5

