#Key Volume(db)
#         v1   v2   v3   v4   v5   v6   v7   v8   v9  v10  v11  v12  v13  v14  v15  v16

VEL_ALL  0.0  0.0  0.0  0.0  0.0  0.0 +0.1 +0.3 +0.4 +0.4 +0.4 +0.4 +0.4 +0.4 +0.4 +0.4

021_A0  +2.3 +0.3 +0.9 +0.5 +0.5 +0.4 +0.3 +0.3 +0.3 +0.3 +0.0 +0.2 +0.3 +0.5 +0.3 +0.3

024_C1  -4.7 -3.2 +2.3 -0.9 +0.5 +0.8 +0.5 +0.3 +0.3 +1.1 +1.5 +1.4 +1.7 +1.5 +1.0 +1.0
027_D#1 -1.7 -2.2 +1.9 +1.3 +0.3 +1.3 -0.1 -0.7 -1.2 -1.5 -1.2 -0.6 +0.5 +0.3 -0.7 -0.7
030_F#1 -5.7 +1.3 +1.0 +0.4 -0.9 +0.8 -1.2 -1.5 -1.1 -0.3 +0.4 +0.7 +1.9 +2.0 +1.8 +1.6
033_A1  +2.8 +0.5 +0.3 -0.7 -0.4 +2.3 -1.2 -1.2 -0.6 -1.0 -1.8 +0.2 -0.1 +0.6 -0.2 -0.2

036_C2  +5.6 +0.3 +0.8 +0.8 +1.5 +1.6 +0.6 +0.8 -0.4 -0.7 -1.7 -1.8 -1.9 -0.7 -1.0 -1.0
039_D#2 -6.7 -3.5 +2.1 -2.3 -1.7 -1.5 -2.1 -1.7 -2.0 -1.5 -1.9 -1.4 -1.3 -1.2 -1.5 -1.5
042_F#2 +1.6 -3.5 -2.9 -3.1 -0.3 +0.2 -0.4 -0.3 -2.0 -0.6 -0.2 -2.2 -1.8 -2.3 -0.3 -0.2
045_A2  +5.2 +1.9 +2.7 +1.8 +4.1 +3.9 +3.4 +3.1 +2.5 +1.3 +1.8 +2.4 +0.5 +0.8 +0.5 +0.4

048_C3  +4.4 +1.4 +3.0 +4.1 +5.2 +5.4 +3.5 +2.5 +2.8 +3.4 +3.7 +4.3 +5.7 +4.9 +6.2 +5.9
051_D#3 -5.0 -1.3 -2.0 -3.2 -2.3 -1.2 -0.6 -0.7 -0.9 -1.2 +1.1 +1.4 +1.7 +2.2 +2.2 +2.0
054_F#3 -1.8 +0.8 +2.2 +1.9 +2.2 +0.8 -0.6 -0.5 +0.0 -0.6 -0.4 -0.5 -0.3 +1.0 +1.0 +0.8
057_A3  +4.8 +5.6 +5.3 +4.5 +5.9 +6.9 +4.5 +2.4 -0.2 +0.8 +0.1 -1.9 +0.0 +1.9 +2.0 +2.9

060_C4  -1.3 +0.9 +1.0 +1.4 +0.7 +0.5 +0.1 -3.9 -3.2 -1.8 -3.2 -3.1 -2.4 -2.9 -0.4 +2.9
063_D#4 -3.0 -3.7 -2.3 -0.6 -0.1 +0.2 -0.7 -0.3 -1.2 -1.9 -1.5 -1.2 +0.1 +0.7 +2.0 +1.8
066_F#4 +2.8 +4.1 +1.9 +0.8 +1.8 +0.6 +0.6 +1.0 +0.3 -0.1 +0.0 +0.1 +0.7 +2.1 +2.6 +2.4
069_A4  +5.0 +3.9 +3.2 +4.6 +3.7 +2.9 +3.5 +3.7 +2.4 +1.6 +2.0 +2.5 +3.6 +4.2 +4.5 +4.5

072_C5  +7.1 +5.7 +4.8 +4.8 +4.9 +4.9 +5.5 +6.1 +4.7 +4.6 +4.1 +4.2 +4.6 +4.2 +5.1 +5.1
075_D#5 -3.7 +0.9 +2.0 +2.1 +3.0 +2.9 +4.0 +3.6 +3.0 +2.4 +1.8 +0.9 +0.7 -0.6 +1.1 +2.5
078_F#5 +1.2 +1.8 +2.0 +1.2 +4.2 +2.7 +4.5 +4.6 +3.6 +2.7 +2.2 +1.1 +1.9 +0.3 +0.7 +3.0
081_A5  +2.5 +4.9 +3.7 +3.3 +5.0 +2.6 +3.0 +3.3 +2.2 +1.0 +0.9 +1.8 +1.7 +2.0 +2.6 +2.9

084_C6  -0.9 -0.3 +0.2 +0.7 +0.7 +1.5 +1.0 +1.6 -1.7 -2.7 -3.3 -3.6 -2.2 -1.6 -1.7 -2.5
087_D#6 +0.6 +1.3 +0.7 -0.4 +0.0 -2.0 -1.1 -1.5 -1.0 -2.3 -2.0 -1.1 -1.5 -1.5 -1.1 -0.9
090_F#6 +1.7 -0.6 -0.2 -0.8 +1.1 -1.0 -0.3 -0.4 -0.4 -2.1 -2.2 -2.9 -2.6 -2.8 -1.7 -1.7
093_A6  -1.9 -1.9 +0.3 -0.8 +0.6 +0.4 +0.3 +0.3 +0.7 -0.8 -0.4 -0.7 -0.7 -0.9 -0.3 -0.3

096_C7  -0.1 +2.5 +1.3 +0.3 +0.8 +0.2 +0.4 +0.5 +1.7 +0.4 +0.2 +0.2 -0.1 +0.4 +0.4 +0.4
099_D#7 +3.8 -1.1 +0.4 +0.8 +1.0 +0.7 +0.7 -0.6 +0.2 -1.7 -1.7 -1.7 -1.3 -0.9 -0.7 -0.7
102_F#7 -6.0 -5.8 -6.5 -5.7 -5.3 -5.7 -4.9 -3.7 -4.0 -4.0 -3.5 -3.8 -3.3 -2.2 -2.2 -2.4
105_A7  -1.2 +0.9 -0.4 +0.1 +0.0 +0.4 +0.5 +1.0 +0.5 +0.5 +0.6 +0.2 -0.7 -0.8 -0.8 -0.8

108_C8  -6.1 -5.8 -5.8 -5.8 -5.6 -5.8 -5.8 -5.8 -5.8 -4.8 -4.8 -4.8 -4.8 -4.8 -4.8 -4.8

