#### DO NOT EDIT.  Generated by setup_overtone.sh ####
#
# for effective ratio of filter[0,1,2,3].
#
021_A0 0.000 0.000 0.000 0.000 0.000 0.000 0.000 0.000 0.000 0.000 0.000 0.000 0.000 0.000 0.000 0.000
024_C1 0.000 0.000 0.000 0.000 0.000 0.000 0.000 0.000 0.000 0.000 0.000 0.000 0.000 0.000 0.000 0.000
027_D#1 0.000 0.000 0.000 0.000 0.000 0.000 0.000 0.000 0.000 0.000 0.000 0.000 0.000 0.000 0.000 0.000
030_F#1 0.000 0.000 0.000 0.000 0.000 0.000 0.000 0.000 0.000 0.000 0.000 0.000 0.000 0.000 0.000 0.000
033_A1 0.000 0.000 0.000 0.000 0.000 0.000 0.000 0.000 0.000 0.000 0.000 0.000 0.000 0.000 0.000 0.000
036_C2 0.000 0.000 0.000 0.000 0.000 0.000 0.000 0.000 0.000 0.000 0.000 0.000 0.000 0.000 0.000 0.000
039_D#2 0.000 0.000 0.000 0.000 0.000 0.000 0.000 0.000 0.000 0.000 0.000 0.000 0.000 0.000 0.000 0.000
042_F#2 0.000 0.000 0.000 0.000 0.000 0.000 0.000 0.000 0.000 0.000 0.000 0.000 0.000 0.000 0.000 0.000
045_A2 0.000 0.000 0.000 0.000 0.000 0.000 0.000 0.000 0.000 0.000 0.000 0.000 0.000 0.000 0.000 0.000
048_C3 0.000 0.000 0.000 0.000 0.000 0.000 0.000 0.000 0.000 0.000 0.000 0.000 0.000 0.000 0.000 0.000
051_D#3 0.000 0.000 0.000 0.000 0.400 0.240 0.280 0.200 0.200 0.160 0.120 0.080 0.040 0.000 0.000 0.000
054_F#3 0.000 0.000 0.210 0.120 0.000 0.000 0.000 0.000 0.000 0.000 0.000 0.000 0.000 0.000 0.060 0.000
057_A3 0.000 0.000 0.000 0.125 0.000 0.050 0.000 0.000 0.000 0.050 0.100 0.000 0.000 0.050 0.050 0.000
060_C4 0.000 0.000 0.250 0.060 0.050 0.050 0.050 0.000 0.000 0.000 0.000 0.000 0.000 0.000 0.075 0.000
063_D#4 0.000 0.000 0.400 0.000 0.000 0.000 0.000 0.000 0.000 0.000 0.000 0.000 0.000 0.000 0.000 0.000
066_F#4 0.000 0.000 0.000 0.000 0.000 0.000 0.000 0.000 0.000 0.000 0.000 0.000 0.000 0.060 0.180 0.000
069_A4 0.000 0.000 0.300 0.180 0.180 0.180 0.180 0.150 0.120 0.120 0.120 0.120 0.120 0.180 0.180 0.120
072_C5 0.000 0.000 0.600 0.480 0.420 0.360 0.360 0.300 0.300 0.300 0.300 0.300 0.240 0.120 0.120 0.120
075_D#5 0.000 0.000 0.600 0.480 0.480 0.360 0.330 0.300 0.300 0.240 0.180 0.180 0.180 0.180 0.180 0.150
078_F#5 0.000 0.000 0.000 0.000 0.000 0.000 0.040 0.040 0.040 0.040 0.080 0.080 0.080 0.160 0.160 0.120
081_A5 0.000 0.000 0.000 0.000 0.000 0.260 0.120 0.120 0.120 0.280 0.280 0.240 0.240 0.240 0.200 0.200
084_C6 0.000 0.000 0.000 0.000 0.000 0.000 0.120 0.120 0.400 0.280 0.160 0.320 0.320 0.160 0.080 0.040
087_D#6 0.000 0.000 0.000 0.000 0.000 0.000 0.000 0.000 0.000 0.000 0.000 0.000 0.000 0.000 0.000 0.000
090_F#6 0.000 0.000 0.000 0.000 0.000 0.000 0.000 0.000 0.000 0.000 0.000 0.000 0.000 0.000 0.000 0.000
093_A6 0.000 0.000 0.000 0.000 0.000 0.000 0.000 0.000 0.000 0.000 0.000 0.000 0.000 0.000 0.000 0.000
096_C7 0.000 0.000 0.000 0.000 0.000 0.000 0.000 0.000 0.000 0.000 0.000 0.000 0.000 0.000 0.000 0.000
099_D#7 0.000 0.000 0.000 0.000 0.000 0.000 0.000 0.000 0.000 0.000 0.000 0.000 0.000 0.000 0.000 0.000
102_F#7 0.000 0.000 0.000 0.000 0.000 0.000 0.000 0.000 0.000 0.000 0.000 0.000 0.000 0.000 0.000 0.000
105_A7 0.000 0.000 0.000 0.000 0.000 0.000 0.000 0.000 0.000 0.000 0.000 0.000 0.000 0.000 0.000 0.000
108_C8 0.000 0.000 0.000 0.000 0.000 0.000 0.000 0.000 0.000 0.000 0.000 0.000 0.000 0.000 0.000 0.000
