#Key Volume(db)
#         v1   v2   v3   v4   v5   v6   v7   v8   v9  v10  v11  v12  v13  v14  v15  v16
OFFSET   0.0
021_A0  +9.50 +4.50 +3.30 +2.40 +1.40 +1.10 +0.80 +0.70 +0.80 +1.00 +0.40 +0.50 +0.20 +0.60 +0.10 -0.40
024_C1  +5.40 +2.30 +2.80 +0.40 +0.40 +0.60 +0.90 +0.80 +0.70 +1.10 +1.10 +0.80 +0.60 +0.40 +0.50 +0.30
027_D#1 +5.00 +1.40 +1.60 +0.50 -0.20 +0.40 -0.30 -0.40 -0.80 -0.60 -0.10 -0.40 -0.40 -0.40 -0.90 -1.20
030_F#1 +9.10 +4.30 +2.00 +1.10 +0.60 +1.20 +0.50 +0.60 +0.90 +1.00 +0.70 +1.30 +0.80 +0.80 +0.40 -0.20
033_A1  +8.90 +4.20 +1.90 +1.00 +0.50 +1.10 +0.40 +0.50 +0.80 +1.00 +0.70 +1.30 +0.80 +0.90 +0.40 -0.10
036_C2  +11.70 +4.40 +2.50 +1.80 +1.20 +1.30 +1.20 +1.20 +1.10 +1.00 +0.80 +0.80 +0.20 +0.20 -0.50 -0.80
039_D#2 +4.80 +2.90 +3.40 +1.10 +0.60 -0.20 +0.00 +0.00 +0.00 +0.30 +0.60 +0.50 -0.10 -0.60 -0.90 -1.40
042_F#2 +1.70 -0.30 -1.70 -1.90 -1.00 -0.70 -0.50 -0.10 -0.60 +0.40 +0.60 -0.50 -0.90 -1.40 -0.70 -1.20
045_A2  +8.10 +3.40 +2.10 +1.90 +2.30 +2.40 +2.20 +2.60 +2.30 +0.90 +1.50 +1.50 +0.00 +0.00 -0.60 -1.50
048_C3  +6.90 +0.89 +0.69 +1.78 +1.78 +1.17 +0.27 -0.14 +0.46 +0.85 +1.64 +1.34 +1.23 +0.52 +1.41 +0.60
051_D#3 +7.60 +5.09 +2.49 +1.08 +1.54 +1.91 +1.65 +2.06 +1.76 +1.81 +2.16 +2.32 +1.37 +1.22 +0.71 +0.00
054_F#3 +11.70 +8.57 +6.57 +5.34 +5.82 +5.31 +4.20 +3.88 +3.37 +3.25 +3.13 +2.92 +2.69 +2.46 +1.39 +2.00
057_A3  +11.50 +8.07 +6.26 +4.26 +4.22 +3.86 +3.30 +3.08 +1.77 +2.40 +2.63 +1.62 +2.19 +2.31 +1.58 +1.20
060_C4  +8.66 +5.23 +3.67 +2.57 +1.75 +1.73 +1.32 +1.36 -0.56 +0.03 +0.61 +0.00 -0.22 -0.05 -1.20 -0.10
063_D#4 +11.20 +7.68 +4.37 +3.96 +2.95 +2.84 +2.23 +1.92 +1.61 +1.70 +1.89 +1.88 +1.66 +0.74 +0.62 -0.30
066_F#4 +12.10 +9.45 +6.32 +4.70 +2.88 +2.45 +2.63 +2.10 +1.98 +1.65 +1.42 +0.80 -0.05 -0.64 -2.17 -1.60
069_A4  +12.43 +8.88 +5.55 +6.00 +4.18 +3.45 +3.52 +3.37 +3.21 +2.99 +2.45 +2.13 +2.18 +1.39 +0.73 +0.02
072_C5  +12.69 +8.61 +6.66 +6.79 +5.38 +5.87 +4.92 +5.01 +4.86 +5.11 +4.66 +4.43 +3.81 +3.24 +2.58 +1.72
075_D#5 +8.43 +8.16 +6.71 +5.84 +5.40 +4.93 +4.75 +4.48 +3.93 +3.33 +2.91 +1.79 +0.54 -1.01 -0.37 -0.65
078_F#5 +11.78 +7.53 +3.40 +2.97 +2.55 +2.32 +2.13 +2.30 +1.57 +1.24 +1.05 +0.23 -0.01 -1.76 -2.20 -1.58
081_A5  +12.93 +10.58 +6.94 +6.10 +5.38 +4.10 +3.93 +3.89 +3.56 +3.48 +3.05 +3.79 +2.95 +2.52 +2.14 +1.30
084_C6  +7.75 +1.90 +3.36 +4.31 +3.37 +4.13 +2.62 +3.87 +1.22 +1.56 +1.39 +0.94 +0.51 +1.12 +0.61 +0.14
087_D#6 +9.17 +2.44 +5.53 +4.40 +2.68 +1.76 +1.24 +1.01 +1.19 +0.87 +0.74 +0.94 -0.07 -0.78 -1.59 -1.60
090_F#6 +12.20 +6.78 +5.77 +4.95 +3.74 +3.12 +2.61 +2.29 +1.88 +1.46 +0.84 +0.04 +0.13 -0.88 -1.19 -2.50
093_A6  +10.05 +7.34 +6.42 +4.80 +3.69 +4.87 +3.96 +3.44 +2.53 +2.01 +1.40 +0.20 -0.50 -0.90 -1.60 -3.50
096_C7  +10.10 +10.37 +8.14 +6.41 +5.88 +4.05 +3.92 +2.59 +3.16 +2.23 +1.40 +1.20 -1.40 -1.80 -2.50 -3.10
099_D#7 +17.10 +9.83 +10.06 +8.99 +8.12 +7.25 +5.18 +3.61 +3.14 +1.47 +1.40 +0.30 -0.10 -1.30 -2.90 -5.20
102_F#7 +8.90 +4.55 +1.80 +1.35 +0.60 -0.15 -0.90 -0.65 -2.00 -2.25 -2.70 -4.30 -4.70 -4.40 -6.90 -9.00
105_A7  +12.10 +10.06 +5.82 +6.48 +4.54 +4.30 +3.76 +2.92 +1.48 +0.74 -0.40 -1.00 -2.60 -3.40 -5.00 -7.40
108_C8  +6.05 +3.90 +2.44 +1.49 +1.13 +0.18 -0.28 -0.43 -0.59 -0.84 -1.20 -1.90 -3.10 -4.70 -6.50 -7.20
