#Key Volume(db)
#         v1   v2   v3   v4   v5   v6   v7   v8   v9  v10  v11  v12  v13  v14  v15  v16

VEL_ALL  0.0  0.0  0.0  0.0  0.0  0.0  0.0  0.0  0.0  0.0  0.0  0.0  0.0  0.0  0.0  0.0

021_A0  +9.50 +4.50 +3.30 +2.40 +1.40 +1.10 +0.80 +0.70 +0.80 +1.00 +0.40 +0.50 +0.20 +0.60 +0.10 -0.40
024_C1  +5.40 +2.30 +2.80 +0.40 +0.40 +0.60 +0.90 +0.80 +0.70 +1.10 +1.10 +0.80 +0.60 +0.40 +0.50 +0.30
027_D#1 +5.00 +1.40 +1.60 +0.50 -0.20 +0.40 -0.30 -0.40 -0.80 -0.60 -0.10 -0.40 -0.40 -0.40 -0.90 -1.20
030_F#1 +9.10 +4.30 +2.00 +1.10 +0.60 +1.20 +0.50 +0.60 +0.90 +1.00 +0.70 +1.30 +0.80 +0.80 +0.40 -0.20
033_A1  +8.90 +4.20 +1.90 +1.00 +0.50 +1.10 +0.40 +0.50 +0.80 +1.00 +0.70 +1.30 +0.80 +0.90 +0.40 -0.10
036_C2  +11.70 +4.40 +2.50 +1.80 +1.20 +1.30 +1.20 +1.20 +1.10 +1.00 +0.80 +0.80 +0.20 +0.20 -0.50 -0.80
039_D#2 +4.80 +2.90 +3.40 +1.10 +0.60 +0.40 +0.40 +0.60 +0.00 +0.30 +0.60 +0.50 -0.10 -0.60 -0.90 -1.40
042_F#2 +1.70 -0.30 -1.70 -1.90 -1.00 -0.70 -0.50 -0.10 -0.60 +0.40 +0.60 -0.50 -0.90 -1.40 -0.70 -1.20
045_A2  +8.10 +3.40 +2.10 +1.90 +2.30 +2.40 +2.20 +2.60 +2.30 +0.90 +1.50 +1.50 +0.00 +0.00 -0.60 -1.50
048_C3  +6.80 +0.80 +0.60 +1.70 +1.70 +1.10 +0.20 -0.20 +0.40 +0.80 +1.60 +1.30 +1.20 +0.50 +1.40 +0.60
051_D#3 +7.50 +5.00 +2.50 +1.20 +1.00 +1.60 +1.30 +1.80 +1.50 +1.60 +2.00 +2.20 +1.30 +1.20 +0.70 +0.00
054_F#3 +11.40 +8.30 +6.10 +5.00 +5.60 +5.10 +4.00 +3.70 +3.20 +3.10 +2.90 +2.80 +2.60 +2.40 +1.30 +2.00
057_A3  +11.20 +7.80 +6.00 +3.90 +4.00 +3.60 +3.10 +2.90 +1.60 +2.20 +2.40 +1.50 +2.10 +2.20 +1.50 +1.20
060_C4  +8.40 +5.00 +3.20 +2.30 +1.50 +1.50 +1.10 +1.20 -0.70 -0.10 +0.50 -0.10 -0.30 -0.10 -1.30 -0.10
063_D#4 +11.00 +7.50 +3.80 +3.80 +2.80 +2.70 +2.10 +1.80 +1.50 +1.60 +1.80 +1.80 +1.60 +0.70 +0.60 -0.30
066_F#4 +11.60 +9.00 +5.90 +4.30 +2.50 +2.10 +2.30 +1.80 +1.70 +1.40 +1.20 +0.60 -0.20 -0.80 -2.40 -1.60
069_A4  +11.90 +8.40 +4.80 +5.40 +3.60 +2.90 +3.00 +2.90 +2.80 +2.60 +2.10 +1.80 +1.90 +1.10 +0.50 -0.10
072_C5  +11.90 +7.90 +5.40 +5.70 +4.40 +5.00 +4.10 +4.30 +4.20 +4.50 +4.10 +3.90 +3.40 +3.00 +2.40 +1.60
075_D#5 +7.70 +7.50 +5.50 +4.80 +4.40 +4.10 +4.00 +3.80 +3.30 +2.80 +2.50 +1.40 +0.20 -1.30 -0.60 -0.80
078_F#5 +11.30 +7.10 +3.00 +2.60 +2.20 +2.00 +1.80 +2.00 +1.30 +1.00 +0.80 +0.00 -0.20 -2.00 -2.40 -1.70
081_A5  +12.45 +10.05 +6.45 +5.65 +5.05 +3.55 +3.55 +3.55 +3.25 +3.05 +2.65 +3.35 +2.65 +2.25 +1.85 +1.05
084_C6  +7.15 +1.35 +2.85 +3.85 +3.05 +3.75 +2.25 +3.55 +0.55 +1.05 +1.05 +0.45 +0.15 +0.95 +0.45 +0.05
087_D#6 +8.95 +2.25 +5.35 +4.25 +2.55 +1.55 +1.05 +0.95 +1.15 +0.85 +0.65 +0.95 -0.15 -0.85 -1.65 -1.65
090_F#6 +12.00 +6.60 +5.60 +4.80 +3.60 +3.00 +2.50 +2.20 +1.80 +1.40 +0.80 +0.00 +0.10 -0.90 -1.20 -2.50
093_A6  +9.95 +7.15 +6.35 +4.65 +3.65 +4.75 +3.85 +3.35 +2.55 +2.05 +1.45 +0.25 -0.45 -0.95 -1.65 -3.55
096_C7  +9.80 +10.10 +7.90 +6.20 +5.70 +3.90 +3.80 +2.50 +3.10 +2.20 +1.40 +1.20 -1.40 -1.80 -2.50 -3.10
099_D#7 +16.40 +9.20 +9.50 +8.50 +7.70 +6.90 +4.90 +3.40 +3.00 +1.40 +1.40 +0.30 -0.10 -1.30 -2.90 -5.20
102_F#7 +7.40 +3.20 +0.60 +0.30 -0.30 -0.90 -1.50 -1.10 -2.30 -2.40 -2.70 -4.30 -4.70 -4.40 -6.90 -9.00
105_A7  +10.70 +8.80 +4.70 +5.50 +3.70 +3.60 +3.20 +2.50 +1.20 +0.60 -0.40 -1.00 -2.60 -3.40 -5.00 -7.40
108_C8  +5.45 +3.35 +2.05 +1.05 +0.85 -0.05 -0.45 -0.55 -0.65 -0.95 -1.25 -1.95 -3.15 -4.65 -6.55 -7.15
